$SPEC_ID:
No sample description was entered.
$SPEC_REM:
DET# 1
DETDESC# IPNP-PJF MCB 129
AP# Maestro Version 7.01
$DATE_MEA:
11/29/2017 14:03:14
$MEAS_TIM:
1130 1137
$DATA:
0 8191
       0
       0
       0
       0
       0
       0
       0
       0
       0
       0
       0
       0
       0
       0
       0
       0
       0
       0
       0
       0
       0
       0
       0
       0
       0
       0
       0
       0
       0
       0
       0
       0
       0
       0
       0
       0
       0
       0
       0
       0
       0
       0
       0
       0
       0
       0
       0
       0
       0
       0
       0
       0
       0
       0
       0
       0
       0
       0
       0
       0
       0
       0
       0
       0
       0
       0
       0
       0
       0
       0
       0
       0
       0
       0
       0
       0
       0
       0
       0
       0
       0
       0
       0
       0
       0
       0
       0
       0
       0
       0
       0
       0
       0
       0
       0
       0
       0
       0
       0
       0
       0
       0
       0
       0
       0
       0
       0
       0
       0
       0
       0
       0
       0
       0
       0
       0
       0
       0
       0
       0
       0
       0
       0
       0
       0
       0
       0
       0
       0
       0
       0
       0
       0
       0
       0
       0
       0
       0
       0
       0
       0
       0
       0
       0
       0
       0
       0
       0
       0
       0
       0
       0
       0
       0
       0
       0
       0
       0
       0
       0
       0
       0
       0
       0
       0
       0
       0
       0
       0
       0
       0
       0
       0
       0
       0
       0
       0
       0
       0
       0
       0
       0
       0
       0
       0
       0
       0
       0
       0
       0
       0
       0
       0
       0
       0
       0
       0
       0
       0
       0
       0
       0
       0
       0
       0
       0
       0
       0
       0
       0
       0
       0
       0
       0
       0
       0
       0
       0
       0
       0
       0
       0
       0
       0
       0
       0
       0
       0
       0
       0
       0
       0
       0
       0
       0
       0
       0
       0
       0
       0
       0
       0
       0
       0
       0
       0
       0
       0
       0
       0
       0
       0
       0
       0
       0
       0
       0
       0
       0
       0
       0
       0
       0
       0
       0
       0
       0
       0
       0
       0
       0
       0
       0
       0
       0
       0
       0
       0
       0
       0
       0
       0
       0
       0
       0
       0
       0
       0
       0
       0
       0
       0
       0
       0
       0
       0
       0
       1
       1
       5
      41
     353
     607
     626
     613
     585
     606
     624
     581
     612
     626
     524
     584
     578
     579
     636
     562
     639
     598
     581
     566
     588
     605
     618
     603
     585
     589
     617
     587
     598
     617
     606
     568
     547
     557
     616
     564
     611
     612
     558
     586
     589
     575
     611
     566
     665
     637
     573
     630
     617
     593
     574
     539
     631
     604
     544
     590
     589
     619
     594
     561
     626
     593
     603
     568
     627
     584
     621
     592
     549
     574
     556
     598
     566
     595
     592
     587
     557
     577
     579
     576
     571
     552
     594
     536
     595
     558
     597
     606
     530
     561
     499
     538
     558
     575
     563
     590
     554
     568
     534
     583
     573
     557
     559
     539
     548
     564
     552
     553
     556
     534
     568
     565
     571
     566
     527
     515
     563
     541
     553
     558
     516
     512
     517
     470
     513
     517
     540
     505
     517
     499
     530
     531
     501
     528
     512
     519
     570
     533
     509
     495
     543
     573
     523
     523
     537
     491
     488
     520
     480
     556
     517
     511
     541
     537
     479
     525
     492
     484
     491
     528
     532
     514
     493
     511
     520
     463
     495
     515
     493
     528
     488
     485
     497
     474
     480
     491
     547
     481
     493
     502
     539
     502
     500
     503
     540
     474
     488
     486
     504
     490
     508
     454
     470
     469
     473
     466
     490
     499
     469
     488
     503
     508
     505
     487
     506
     437
     487
     487
     472
     523
     513
     513
     490
     484
     494
     532
     526
     502
     546
     526
     541
     587
     557
     562
     590
     603
     614
     629
     609
     622
     615
     579
     551
     605
     556
     568
     573
     533
     514
     512
     532
     554
     516
     506
     546
     566
     527
     553
     522
     490
     550
     519
     527
     527
     525
     554
     487
     486
     515
     528
     540
     514
     467
     512
     497
     484
     456
     496
     506
     555
     493
     488
     509
     475
     500
     532
     460
     473
     467
     463
     470
     467
     435
     495
     461
     466
     485
     437
     506
     456
     452
     460
     469
     511
     478
     434
     462
     455
     494
     466
     446
     452
     488
     427
     468
     478
     493
     442
     489
     409
     468
     463
     424
     422
     452
     480
     455
     423
     411
     466
     456
     460
     442
     438
     491
     425
     487
     408
     429
     450
     456
     452
     388
     403
     412
     456
     439
     427
     405
     433
     419
     444
     413
     395
     456
     447
     417
     447
     425
     411
     381
     411
     413
     419
     380
     398
     423
     399
     393
     383
     431
     435
     404
     386
     352
     387
     404
     412
     403
     408
     386
     405
     381
     395
     442
     410
     414
     399
     427
     394
     401
     416
     382
     391
     376
     408
     389
     397
     383
     375
     417
     376
     371
     365
     398
     326
     365
     362
     366
     392
     359
     361
     361
     358
     373
     356
     405
     370
     375
     348
     373
     391
     361
     399
     374
     370
     379
     343
     359
     402
     331
     329
     362
     369
     356
     366
     341
     345
     367
     331
     350
     396
     382
     379
     326
     333
     359
     337
     379
     352
     374
     370
     357
     326
     358
     321
     334
     355
     358
     376
     340
     373
     322
     357
     372
     360
     340
     362
     358
     314
     335
     317
     306
     361
     344
     341
     338
     306
     344
     345
     327
     331
     361
     348
     328
     341
     326
     311
     331
     356
     321
     309
     363
     357
     324
     344
     374
     353
     329
     329
     332
     331
     326
     367
     313
     344
     342
     350
     328
     312
     334
     310
     366
     301
     342
     333
     330
     346
     349
     324
     363
     319
     297
     289
     318
     359
     310
     307
     312
     332
     297
     321
     336
     314
     294
     300
     313
     324
     354
     293
     324
     349
     349
     298
     362
     301
     339
     283
     331
     344
     315
     325
     326
     328
     309
     319
     328
     336
     319
     297
     300
     336
     324
     306
     315
     327
     325
     301
     300
     264
     308
     345
     300
     299
     301
     302
     310
     330
     302
     308
     295
     297
     329
     310
     296
     309
     314
     335
     287
     332
     304
     311
     330
     296
     340
     318
     281
     318
     309
     303
     279
     295
     319
     316
     298
     318
     303
     278
     294
     312
     288
     312
     260
     298
     338
     283
     286
     285
     337
     312
     324
     286
     305
     283
     323
     301
     329
     283
     305
     322
     267
     285
     290
     308
     297
     295
     307
     314
     319
     334
     299
     324
     305
     312
     262
     295
     301
     276
     286
     309
     287
     290
     311
     336
     313
     335
     309
     280
     294
     345
     336
     319
     319
     298
     308
     317
     276
     280
     289
     290
     285
     301
     287
     313
     292
     315
     297
     276
     274
     276
     305
     293
     307
     313
     302
     299
     336
     346
     326
     295
     329
     279
     294
     300
     307
     279
     284
     293
     315
     299
     329
     348
     296
     294
     311
     320
     330
     333
     311
     317
     302
     339
     315
     306
     309
     326
     305
     287
     289
     298
     309
     286
     295
     284
     272
     302
     298
     298
     322
     301
     306
     292
     296
     294
     299
     300
     313
     301
     306
     261
     306
     293
     288
     317
     299
     308
     283
     304
     288
     284
     351
     319
     274
     301
     313
     261
     326
     309
     310
     307
     281
     275
     287
     293
     310
     312
     287
     296
     309
     296
     300
     338
     289
     306
     292
     338
     283
     276
     293
     268
     305
     316
     283
     298
     338
     301
     286
     273
     306
     291
     291
     290
     287
     285
     303
     330
     309
     276
     332
     291
     287
     300
     297
     303
     331
     298
     270
     331
     326
     278
     285
     311
     300
     323
     300
     312
     294
     328
     313
     280
     308
     302
     309
     277
     316
     309
     329
     298
     313
     339
     305
     323
     307
     316
     305
     309
     321
     316
     284
     298
     304
     329
     313
     320
     322
     287
     323
     297
     343
     285
     316
     264
     316
     314
     340
     340
     343
     322
     306
     335
     300
     313
     333
     327
     305
     317
     323
     355
     335
     315
     322
     332
     349
     331
     316
     319
     324
     358
     367
     334
     317
     322
     326
     343
     344
     314
     350
     336
     305
     377
     285
     321
     306
     294
     340
     353
     333
     324
     334
     315
     331
     354
     347
     338
     369
     343
     335
     335
     337
     295
     318
     347
     333
     343
     327
     335
     364
     319
     361
     364
     323
     332
     337
     335
     338
     350
     331
     360
     332
     346
     333
     338
     313
     333
     357
     357
     352
     326
     322
     338
     350
     334
     354
     331
     385
     323
     313
     346
     343
     332
     364
     369
     361
     332
     340
     369
     333
     366
     335
     344
     365
     375
     354
     328
     349
     345
     342
     316
     307
     338
     344
     343
     345
     356
     358
     330
     373
     350
     374
     316
     399
     326
     339
     369
     346
     369
     353
     357
     357
     368
     397
     388
     359
     383
     396
     327
     389
     382
     392
     373
     350
     414
     387
     347
     421
     369
     364
     386
     382
     380
     405
     376
     377
     351
     371
     410
     359
     402
     347
     353
     363
     376
     414
     373
     376
     401
     378
     367
     386
     417
     424
     380
     407
     374
     394
     418
     405
     366
     402
     361
     356
     370
     347
     392
     401
     407
     363
     420
     404
     392
     386
     355
     378
     405
     371
     376
     314
     343
     349
     348
     357
     345
     359
     316
     304
     307
     299
     309
     276
     289
     287
     246
     275
     271
     235
     234
     247
     256
     245
     228
     245
     215
     240
     259
     235
     230
     241
     234
     224
     211
     216
     214
     191
     233
     219
     222
     230
     200
     178
     221
     214
     195
     202
     206
     177
     179
     186
     204
     199
     161
     193
     203
     198
     177
     169
     180
     180
     194
     203
     190
     185
     193
     166
     185
     162
     181
     169
     178
     171
     157
     199
     202
     184
     161
     159
     140
     168
     169
     154
     169
     183
     161
     166
     158
     168
     162
     191
     189
     152
     177
     144
     170
     167
     169
     169
     175
     159
     188
     167
     192
     171
     174
     159
     142
     146
     129
     142
     156
     168
     163
     141
     144
     137
     162
     137
     177
     167
     149
     142
     140
     159
     166
     140
     149
     155
     146
     126
     152
     146
     152
     140
     131
     158
     152
     132
     142
     143
     135
     140
     129
     145
     136
     141
     132
     118
     126
     128
     141
     132
     127
     118
     129
     138
     106
     132
     132
     148
     140
     131
     133
     135
     112
     125
     124
     114
     131
     123
     113
     107
     154
     116
     124
     113
     126
     116
     118
     114
     111
     119
     132
      93
     116
     105
     128
      96
      97
     111
      87
      97
     106
      95
     107
      96
      88
      84
      98
     101
     104
     116
      89
     101
      87
     123
      87
      92
      93
     111
      73
     103
      90
      77
      88
      86
     103
      83
      80
      87
      99
      88
      90
      78
      72
      97
      89
      85
      92
      84
      86
      83
      87
      91
      91
      67
      77
      78
      78
      78
      82
      77
      89
      74
      65
      58
      75
      75
      99
      79
      79
      84
      67
      74
      81
      79
      71
      87
      75
      75
      73
      80
      80
      73
      71
      67
      85
      62
      67
      59
      72
      76
      77
      63
      78
      83
      80
      74
      73
      62
      68
      61
      66
      58
      74
      76
      66
      69
      79
      72
      78
      74
      64
      60
      60
      66
      77
      71
      73
      75
      75
      71
      83
      75
      74
      88
      79
      56
      69
      76
      76
      82
      66
      57
      56
      66
      77
      64
      68
      69
      72
      85
      61
      68
      70
      60
      57
      70
      68
      70
      61
      58
      62
      65
      60
      66
      63
      62
      66
      52
      72
      72
      73
      74
      57
      67
      71
      52
      68
      69
      68
      60
      72
      65
      55
      63
      67
      68
      58
      60
      69
      73
      52
      49
      66
      58
      65
      67
      65
      57
      46
      42
      66
      59
      60
      62
      81
      87
     103
     126
     186
     149
     141
     114
      91
      71
      61
      70
      50
      57
      57
      64
      57
      66
      59
      55
      59
      52
      56
      60
      52
      48
      58
      60
      69
      63
      68
      57
      65
      54
      67
      63
      57
      54
      49
      65
      45
      49
      62
      61
      66
      57
      61
      44
      64
      58
      57
      47
      62
      57
      58
      62
      37
      76
      47
      54
      67
      49
      62
      63
      52
      66
      52
      58
      60
      62
      53
      58
      57
      65
      57
      57
      41
      67
      63
      41
      56
      32
      68
      59
      37
      59
      55
      57
      51
      53
      77
      56
      57
      70
      51
      55
      65
      61
      54
      59
      46
      59
      45
      53
      65
      57
      71
      50
      58
      50
      67
      59
      67
      49
      57
      54
      57
      62
      55
      67
      59
      48
      61
      59
      40
      59
      50
      67
      53
      58
      73
      69
      62
      66
      65
      56
      65
      64
      58
      61
      82
      83
      77
      77
      91
     146
     254
     659
    1458
    2917
    5093
    7444
    9524
   10203
    9271
    7207
    5017
    2759
    1415
     623
     214
      90
      44
      34
      38
      33
      34
      26
      31
      25
      29
      33
      20
      21
      22
      26
      22
      15
      21
      25
      23
      26
      23
      24
      22
      17
      14
      22
      17
      14
      18
      20
      16
      17
      16
      21
      15
      16
      20
      12
      15
      24
      20
      15
      13
      11
      24
      12
      12
      18
      22
      19
      20
      12
      16
      18
      16
      16
      19
      12
      17
      16
      15
      17
      13
      15
      14
      14
      19
      18
      29
      20
      22
      17
      16
      18
      15
      27
      12
      16
      25
      19
      18
      21
      17
      24
      12
      17
      23
      13
      15
      28
      16
      22
      19
      13
      14
      16
      17
      15
      12
      12
      21
      18
      19
      13
      23
       9
      14
      22
      14
      16
      13
      16
      20
      12
      17
      13
      17
      19
      18
      11
      15
      16
      19
      16
      13
      19
      17
      14
      15
      12
      14
      21
      17
      13
      10
      13
      22
      14
      19
      18
      15
      21
      15
      14
      14
      14
       7
       9
      11
      18
      13
      16
      18
      18
      12
      19
      19
      16
      16
      19
      19
       4
      15
      17
      23
      11
      14
      15
      17
      17
      12
      25
      13
      14
      16
      16
      21
      24
      18
      16
      20
      14
      19
      16
      18
      14
      14
      16
      18
      17
      20
       8
      15
      16
       5
      10
      12
      13
      16
      18
      13
      16
      17
      17
      14
       9
      19
      17
      11
      10
      14
      13
      12
       7
      11
      10
      26
      12
      21
      21
      18
      21
      16
      20
      12
      13
      14
      12
      14
      16
      14
      20
      16
      14
      13
      17
      16
      18
      16
      21
      15
      19
      17
      23
      16
      14
      20
      21
      14
      11
      12
      12
       7
      14
      16
      18
      20
      14
      16
      20
       8
       9
       6
      14
      12
      14
      14
       7
      18
      23
      15
      15
      13
      21
      13
      10
      12
      14
      12
      12
      19
      13
       8
      14
      15
      12
      18
      15
      18
      17
      26
      19
      20
      27
      27
      27
      13
      14
      17
      20
      15
      17
       9
      15
      16
      12
      10
      11
      11
       9
      16
       9
      18
       7
      18
       7
      13
      15
      21
       9
      15
      11
      12
      18
      17
      21
      14
      13
      12
       9
      19
      13
      16
      14
      15
      18
      20
      11
      18
      18
      17
      15
      18
      10
      19
      21
      12
      19
      14
      15
      10
       9
      15
      15
      16
      26
      11
      21
      17
       8
      26
      13
      17
      14
      17
      16
      20
      14
      15
       2
      15
      18
      16
      15
      13
      16
      15
       7
      15
      18
      11
      16
      10
      14
      10
      14
      15
       8
      13
       7
      13
      10
       8
      10
      16
      14
      10
      15
      12
      17
      21
      17
      22
      17
      23
       9
      18
      16
      13
      11
      10
      13
      11
      12
      16
      10
      11
      19
      10
      12
       8
      17
      18
      16
      16
      15
      13
      12
       9
       7
      11
      13
      17
      16
      17
      18
      13
      14
      14
      17
       6
      13
      16
      21
      14
      15
       9
      13
      13
      12
      11
      15
       6
      16
      11
      19
       9
       8
      20
      12
       7
      16
       6
      16
      10
       6
      10
      12
      14
      15
       8
      19
      11
      12
      13
      10
      11
      10
      18
      12
      11
       9
      18
      14
      14
      14
       7
      16
      20
      16
       9
      23
      15
      21
      16
      21
      12
      13
      10
      13
      11
      15
       9
      17
       5
      11
      15
      15
      15
      10
      18
      13
      11
      18
      10
      14
      15
       5
      10
      10
      12
      16
      16
      10
      15
      14
      15
      11
      14
      14
      14
      16
      19
       3
      16
      13
      20
       7
      19
      22
      16
      10
      13
       4
       7
      22
      15
      11
      15
      10
      14
      15
      20
      13
      12
      13
      11
      12
      13
      23
      16
      18
       8
      16
      19
      14
       9
      19
       8
      14
      22
       9
       9
      15
      13
      15
      10
      13
      24
      13
      10
      15
      14
      10
      16
      11
      15
      18
      12
      10
       8
      15
      13
      14
      12
      13
      13
      16
      11
      19
      15
      19
      17
       8
      14
      11
       7
       7
      12
       7
      20
      11
      10
       8
      15
      12
       8
      14
      16
      14
      13
      10
       9
      12
      12
      16
      16
      12
      13
      13
      10
      15
      18
       9
      12
      13
      11
      16
      18
      16
      17
      14
      13
      16
      11
       8
      12
       9
      11
      10
       7
      18
      13
      14
      15
       8
       9
      15
      18
      16
      15
      13
      10
       7
       9
      14
      12
      11
      19
      16
       7
       9
      13
      16
      14
      13
      12
      15
      12
      12
      24
      10
      16
      10
      14
      10
      15
       7
       4
      11
       9
      11
       7
      17
      15
      14
      20
      11
      14
      23
      11
      19
      18
       8
      12
      16
      12
      14
       9
      14
      14
      15
       7
       7
      13
      13
      12
      11
      11
       9
      15
      12
      15
      14
      11
       8
       9
      11
      12
      10
       7
      14
      14
       8
       8
       9
      12
       9
      15
      10
      10
      12
      12
      12
      12
      10
      13
      13
      12
      11
      12
      10
      13
      13
      12
      13
       9
      17
      12
      17
      18
      13
      28
      21
      20
      20
      14
      15
      13
      13
      13
      11
       7
      12
      11
      13
       7
      13
      10
      10
      13
      13
      15
      11
      17
       8
      14
      14
       5
      12
      14
      10
      13
       9
       7
      10
      13
      12
       9
      13
       8
      14
      12
       6
      11
      21
      11
       4
      10
      15
      12
       9
       7
      11
      10
      12
      13
      15
      15
      13
      10
       9
       8
       7
       5
      11
       9
       7
      14
       9
      11
      11
      17
      11
      11
       6
       9
      11
       5
      16
       7
       7
      16
      12
      14
      11
      13
      13
      19
      15
      14
      14
      15
      15
      10
      12
       9
       4
      13
      11
      10
      19
      10
      15
      22
      14
      15
       8
       8
      10
      13
       4
       8
      13
       7
       6
      13
       9
       7
      12
       8
       9
       2
      17
       9
      10
       8
       7
       9
      10
       8
      14
       7
      15
      11
       9
      12
      10
       7
      12
      14
       8
       8
       9
      11
       8
      12
      13
      11
      12
      11
       7
      11
       6
      11
       8
      12
       8
      11
       8
      14
      15
      12
       8
       6
      12
      13
      11
      11
      10
      12
       5
      10
       7
      11
       9
      14
       9
      12
      11
       7
      10
      14
      10
       7
       9
      11
      11
      11
       7
      10
       9
      14
      10
       5
       5
      13
      10
      14
       8
      10
      12
       2
       6
       6
      11
       4
       9
      11
       6
      10
       9
      17
      11
       7
      12
       6
      11
      11
      11
       5
      12
       6
       9
       9
      10
      12
       6
      17
      13
       7
      16
      22
       7
       8
       8
      12
      11
       8
       7
       9
       9
       9
      10
       8
      10
      13
       7
       7
       9
       8
       5
       8
       3
       8
      12
       7
       9
       9
       7
       8
      10
       9
      15
      17
      14
      12
      14
      11
      12
       9
       6
       2
      12
      10
       9
      13
       9
      14
       8
      13
       8
      10
       7
       7
       9
      10
       8
       6
      14
       6
       5
      10
       7
      14
      13
      12
       8
      12
       5
      10
       5
      13
       8
      11
      11
      12
       6
       6
      12
      12
      12
       7
       9
       6
       6
       5
       8
      10
      12
       8
       7
       8
       9
       7
       8
      12
      12
       7
      12
       8
      11
      14
      10
      10
       8
       9
      17
       6
       5
      10
       5
      10
      16
       4
      11
      14
       6
       8
       9
       8
       5
      13
      11
       3
       9
      11
       9
       3
       6
       6
       5
      13
       4
       9
       9
      10
       6
       6
      13
       7
      10
      14
      12
       9
       9
      11
       9
      16
       8
       7
       7
      10
       8
       7
       7
       9
      12
       9
      14
       9
       4
       5
       9
       9
       9
      10
      10
       8
      13
       8
       4
       6
       8
       8
       7
      12
       6
       4
       7
       8
      13
       6
      10
       6
      12
      11
       6
       7
      12
       8
      10
      11
      12
       8
       9
      11
       7
       2
      12
       8
       6
       9
      14
       6
       7
      15
       7
       7
      12
      12
      13
       9
      10
       8
      10
      13
      13
       9
       8
       9
      11
       8
       6
      11
       9
       6
      12
       5
       7
      11
      10
       8
       8
       8
       8
       7
      15
      12
       6
       4
      10
       7
      10
      11
       5
       8
      13
       6
       8
       8
       7
       8
       9
      11
      13
      10
      11
       9
       9
       9
       7
      14
      12
      11
      11
       8
       5
       8
       5
       6
      10
      10
       5
       7
      10
      11
      10
      10
       9
       1
       8
       8
       7
      11
       7
       4
       6
       7
       7
       8
      10
       7
      15
       9
      13
      14
      12
      33
      43
      57
      50
      66
      42
      39
      19
      20
      18
      12
      11
       7
       4
      12
      10
       8
       9
       7
       4
      12
       3
       5
       6
       9
       8
       5
       9
       7
      11
      11
       3
       6
       6
       4
       5
       7
       7
       8
       9
       8
       8
       6
      12
       9
      11
      12
      14
      11
       7
       6
      12
      11
      16
       7
       4
       7
      12
       4
       7
       4
       7
       7
      14
      11
       8
       6
      15
       8
      12
      11
       4
       6
       8
       6
       8
       9
       7
      10
       9
       7
       6
       7
       5
       5
       7
       6
       9
       8
       6
       9
       9
       2
       9
       8
       6
       5
       9
       4
       5
      20
      14
      14
      12
      14
       5
      11
       7
      10
       8
       7
       4
      10
       8
      12
       5
       8
       6
       7
       7
       5
       5
      13
       6
       7
       9
       9
       6
       7
      12
       4
       3
       7
       7
       7
       5
       4
       6
      10
      14
       3
       4
       2
       6
       8
       5
       5
       6
       9
      11
      16
      11
      10
      11
      13
      17
      12
       5
      12
       6
       6
       6
      11
      10
       4
      15
       9
      14
       7
       9
      12
       4
       9
       6
       6
      12
       9
      10
       9
      10
       9
       8
      10
       8
       8
       5
       8
      10
       6
      11
       6
       5
      12
       8
       5
       6
       5
       8
       7
       5
       8
       8
       7
      14
       5
       4
       8
       8
      13
       6
      13
       9
       9
       7
      13
       5
      11
       5
       9
       6
       7
       8
      10
       6
       2
       8
       5
       8
       5
       7
       7
       4
       6
       6
       3
       4
       5
       8
       8
       4
       6
       8
      11
       5
       3
       8
      11
       5
      11
       9
       8
       5
      14
       8
       6
       7
       8
       8
      10
      10
      10
       5
       2
       8
       8
       3
       8
       7
      11
      11
      10
      15
       5
       4
       6
       8
      13
       5
       9
      10
      13
       6
      10
      14
       5
       9
      10
       7
      13
       7
       6
       2
       4
      12
       7
       8
       8
       4
       7
       6
       8
       9
       2
       5
       7
       7
      10
       5
      12
       7
       5
      10
      11
       6
       9
       3
      12
       5
       6
       4
      10
       8
      12
       6
       6
      10
       7
       9
       9
       5
       7
      10
      10
      13
      18
      23
      20
      22
      23
      30
      21
      12
      11
      11
       5
       5
       6
       5
       9
       5
       5
       9
       7
      11
       5
       4
       7
       9
       8
       9
       5
       4
       3
       8
       3
       5
       9
       4
       6
       6
      11
       9
       6
       4
       4
       5
       5
       7
       2
      10
       7
       6
       7
       6
      10
       9
       9
       6
       5
       9
       7
       3
       6
      12
       5
       7
       4
       4
       2
       3
       2
       9
       7
      10
       4
       6
       5
       5
       2
       5
       6
       4
       6
       1
       9
       3
       3
       6
       8
       2
       3
       8
       3
       6
       2
       7
       3
       6
       5
       3
       5
       5
       4
       4
      12
       7
       7
       4
       4
       2
       7
       9
       7
       8
       4
       7
       2
      13
       3
       6
       3
       9
       7
       2
       6
       8
      10
      14
      11
      18
      10
       6
       9
       8
       5
       6
       6
       5
       4
       9
      10
       4
       7
       5
       4
       2
       4
       7
       6
       4
       6
       3
       3
       2
       4
       2
       5
       8
       4
       6
       8
       4
       5
       2
       9
       3
       7
      10
       7
       4
       6
       8
       5
       6
       1
       6
       5
       4
       2
       4
       0
       3
       8
       6
       5
       5
       3
       4
       6
       3
       3
       6
       6
       1
       7
      12
       5
       9
       5
       3
       4
       7
       4
       7
       6
       5
       7
       5
       6
       7
       5
       3
       9
       5
       7
       4
       3
       9
       4
      11
       2
      13
       7
       5
       5
       6
       4
       1
       4
       6
       2
       7
       6
       3
       2
       7
       3
       8
       1
       6
       7
       2
       5
       4
       4
      11
       4
       5
       8
       1
       7
       2
       3
       3
       3
       9
       3
       5
       0
       5
       4
       5
       5
       2
       5
       5
       6
       1
       4
      11
       8
      11
       4
       6
       9
       9
       8
      11
       6
      11
       4
       2
      11
       5
       6
       5
       3
       5
       2
       7
       4
       2
       0
       5
       5
       5
       3
       5
       5
       4
       4
       3
      10
       2
       6
       5
       5
       1
       6
       2
       1
       7
       3
       3
       5
       2
       3
       3
       8
       0
       7
       6
       5
       7
       3
       5
       5
       5
       5
       4
       3
      10
       5
       2
       5
       4
       2
       6
       4
       6
       7
       5
       0
       4
       1
       7
       4
       3
       1
       9
       4
       7
       5
       1
       8
       5
       4
       5
       5
       1
       4
       3
       6
       5
       3
       6
       1
       4
       6
       4
       3
       6
       4
       5
       3
       5
       6
       6
       2
       3
       7
       6
      11
       6
       7
       1
       3
       5
       6
       4
       3
       7
       3
       3
       4
       2
       4
       6
       6
      14
      13
      15
      14
      13
      15
      13
      10
      12
       4
      10
       9
       4
       1
       4
       7
       1
       6
       6
       4
       3
       3
       9
       7
       9
       6
       2
       5
       6
       7
       5
       8
       5
       3
       6
       5
       6
       2
       8
       3
       5
       2
       3
       2
       4
       4
       3
       6
       2
       4
       3
       1
       9
       6
       3
       6
       6
       4
       6
       3
       7
       3
       2
       2
       4
       4
       3
       7
       6
       5
      13
      11
      10
       5
       3
       4
       4
       4
       2
       4
       3
       3
       2
       5
       3
       6
       4
      13
       9
      10
       7
       7
       4
       8
       5
       8
       6
       7
       3
       3
       5
       5
       6
       3
       3
       1
       2
       3
       4
       4
       6
       3
       2
       2
       4
       3
       5
       2
       3
       1
       3
       5
       1
       1
       1
       3
       4
       9
       6
       5
       5
       9
       1
       3
       2
       4
       2
       1
       5
       7
       5
       6
       4
       5
       1
       2
       2
       6
       6
       6
       5
       3
       4
       8
       4
       4
       1
       3
       8
       6
       4
       1
       1
       3
       4
      11
       1
       6
       6
       5
       2
       6
       1
       3
       2
       4
       4
       7
       3
       5
       1
       7
       2
       4
       6
       3
       3
       6
       6
       4
       5
       2
       3
       1
       5
       1
       6
       5
       2
       4
       5
       2
       9
       0
       7
       9
       5
       4
       3
       3
       9
       4
       4
       8
       3
       4
       2
       0
       2
       3
       4
       4
       5
       4
       9
       6
       6
       3
       2
       6
       2
       7
       7
       8
      16
      18
      19
      38
      44
      43
      59
      49
      32
      24
      18
      11
       8
       2
       3
       4
       5
       3
       4
       2
       5
       2
       3
       3
       2
       3
       3
       1
       7
       8
       3
       7
       4
       3
       4
       3
       1
       4
       0
       6
       1
       0
       3
       5
       2
       3
       3
       3
       0
       4
       3
       7
       6
       4
       5
       6
       6
       5
       2
       5
       3
       5
       6
       1
       2
       0
       5
       6
       6
       2
       3
       2
       1
       7
       5
       3
       3
       4
       5
       2
       2
       4
       5
       7
       1
       2
       2
       3
       5
       4
       3
       2
       6
       4
       3
       4
       4
       8
       4
       3
       6
       3
       8
       2
       4
       3
       2
       4
       4
       8
       2
       2
       4
       2
       0
       2
       0
       6
       2
       7
       1
       1
       5
       2
       2
       4
       2
       7
       3
       2
       4
       3
       2
       4
       6
       3
       7
       2
       4
       6
       9
       5
       7
      11
      13
      11
       9
       5
       3
       8
       1
       5
       4
       5
       3
       4
       1
       4
       3
       5
       6
       1
       5
       4
       3
       4
       4
       3
       2
       7
       5
       1
       1
       3
       4
       2
       2
       3
       4
       4
       2
       3
       5
       4
       3
       1
       1
       5
       3
       3
       8
       4
       3
       6
       5
       3
       4
       1
       2
       4
       4
       3
       3
       5
       7
       3
       3
       3
       2
       9
       7
       2
       3
       3
       4
       4
       1
       2
       5
       4
       6
       7
       3
       7
       2
       3
       4
       2
      11
       5
       6
       3
       7
       4
       3
       1
       1
       4
       1
       2
       8
       7
       5
       3
       2
       3
       4
       5
       4
       3
       2
       3
       4
       4
       1
       2
       4
       1
       6
       3
       2
       4
       5
       2
       4
       3
       1
       6
       6
       2
       3
       3
       2
       1
       5
       1
       6
       0
       4
       4
       3
       3
       1
       6
       3
       2
       2
       1
       1
       1
       5
       2
       3
       4
       1
       4
       3
       3
       0
       4
       2
       3
       4
       0
       0
       2
       0
       3
       2
       1
       6
       2
       2
       0
       4
       2
       2
       2
       3
       3
       1
       3
       4
       4
       3
       3
       2
       1
       2
       5
       4
       2
       2
       1
       1
       8
       2
       1
       2
       3
       4
       2
       1
       5
       1
       5
       3
       2
       2
       4
       4
       4
       3
       5
       3
       3
       6
       3
       0
       2
       2
       2
       2
       2
       1
       2
       2
       1
       3
       5
       1
       1
       6
       4
       4
       3
       3
       5
       4
       4
       1
       7
       4
       5
       1
       1
       4
       2
       0
       4
       2
       2
       2
       2
       3
       6
       1
       1
       1
       2
       2
       0
       3
       2
       4
       1
       0
       2
       1
       4
       1
       1
       0
       2
       2
       1
       1
       0
       2
       2
       4
       2
       4
       3
       3
       1
       1
       3
       2
       1
       7
       1
       3
       1
       0
       3
       2
       2
       2
       2
       5
       3
       0
       3
       2
       1
       1
       4
       2
       2
       0
       0
       0
       1
       0
       3
       5
       4
       3
       3
       4
       0
       1
       1
       3
       0
       0
       2
       1
       0
       2
       1
       3
       1
       2
       0
       2
       0
       1
       7
       2
       2
       2
       2
       0
       0
       3
       3
       5
       2
       3
       2
       2
       0
       0
       0
       1
       3
       1
       6
       1
       4
       1
       4
       1
       3
       1
       2
       1
       4
       2
       6
       1
       0
       2
       3
       2
       2
       1
       3
       3
       3
       2
       0
       2
       1
       3
       1
       0
       1
       4
       2
       0
       2
       2
       2
       3
       4
       1
       3
       1
       2
       2
       0
       1
       0
       2
       2
       2
       0
       1
       1
       1
       3
       4
       0
       5
       2
       0
       2
       3
       1
       1
       3
       3
       1
       0
       2
       1
       3
       8
       3
       3
       4
       2
       4
       3
       2
       1
       1
       3
       0
       0
       0
       4
       3
       0
       3
       1
       1
       1
       1
       1
       2
       0
       2
       2
       1
       0
       1
       3
       2
       0
       0
       2
       1
       6
       1
       3
       2
       0
       0
       0
       7
       1
       3
       4
       0
       0
       3
       2
       4
       1
       3
       2
       2
       1
       0
       1
       1
       2
       3
       2
       2
       3
       2
       2
       1
       0
       2
       1
       0
       1
       1
       0
       0
       4
       2
       1
       1
       2
       2
       0
       1
       2
       2
       1
       2
       1
       0
       2
       3
       0
       2
       2
       0
       3
       3
       3
       3
       4
       1
       5
       3
       1
       2
       1
       1
       1
       0
       0
       0
       2
       1
       3
       0
       0
       0
       2
       1
       2
       1
       1
       0
       1
       1
       1
       0
       3
       1
       0
       1
       0
       1
       1
       0
       1
       1
       2
       3
       2
       3
       1
       3
       0
       0
       0
       0
       2
       1
       0
       2
       1
       0
       1
       0
       2
       1
       1
       0
       0
       1
       1
       1
       2
       3
       1
       2
       0
       0
       1
       1
       2
       3
       4
       0
       0
       4
       1
       2
       3
       1
       2
       1
       5
       0
       0
       1
       5
       2
       2
       4
       2
       5
       7
       9
      10
       8
      11
      10
       4
       4
       6
       1
       0
       2
       1
       1
       1
       1
       1
       0
       1
       0
       0
       0
       0
       1
       2
       1
       1
       0
       0
       2
       0
       0
       0
       0
       4
       2
       3
       2
       1
       1
       0
       2
       0
       0
       0
       3
       3
       0
       0
       0
       1
       2
       2
       0
       1
       2
       3
       0
       0
       1
       1
       2
       1
       2
       0
       1
       1
       0
       1
       1
       0
       1
       3
       2
       1
       1
       4
       1
       0
       1
       0
       1
       0
       1
       0
       1
       3
       2
       1
       3
       0
       4
       0
       2
       3
       3
      11
       8
      15
      36
      36
      37
      36
      38
      39
      29
      25
      14
       4
       6
       1
       3
       3
       0
       4
       0
       0
       2
       0
       0
       0
       1
       2
       0
       0
       0
       0
       1
       0
       1
       1
       2
       0
       2
       0
       2
       1
       2
       1
       0
       1
       0
       0
       3
       3
       3
       0
       0
       3
       3
       3
       1
       0
       1
       1
       4
       5
       0
       3
       1
       0
       1
       0
       0
       1
       0
       2
       0
       0
       1
       0
       3
       2
       1
       0
       3
       0
       0
       1
       1
       0
       0
       0
       1
       1
       0
       4
       1
       0
       1
       0
       1
       0
       0
       0
       1
       1
       1
       1
       0
       0
       2
       1
       1
       2
       1
       0
       2
       1
       0
       1
       0
       1
       1
       0
       2
       2
       2
       1
       0
       0
       0
       1
       1
       1
       0
       2
       1
       1
       2
       2
       0
       0
       0
       2
       2
       1
       0
       0
       0
       1
       3
       1
       3
       0
       0
       0
       1
       3
       0
       0
       2
       0
       0
       0
       2
       1
       2
       3
       1
       2
       1
       0
       0
       0
       0
       0
       1
       0
       0
       1
       1
       3
       0
       1
       0
       1
       2
       0
       0
       1
       1
       1
       1
       1
       1
       0
       0
       0
       0
       1
       5
       1
       4
       1
       2
       1
       1
       2
       0
       0
       0
       2
       1
       2
       1
       2
       0
       0
       2
       3
       1
       1
       3
       3
       2
       1
       3
       1
       2
       1
       3
       1
       3
       3
       2
       2
       2
       1
       2
       3
       1
       3
       7
       4
      13
       7
       5
       8
       5
       2
       4
       2
       4
       0
       0
       0
       1
       2
       4
       1
       2
       1
       0
       0
       3
       1
       1
       0
       2
       1
       1
       1
       2
       2
       1
       0
       0
       2
       2
       1
       0
       1
       1
       1
       1
       0
       2
       1
       0
       1
       0
       2
       1
       4
       1
       1
       3
       0
       0
       3
       2
       0
       0
       1
       1
       0
       0
       2
       0
       2
       3
       0
       1
       3
       0
       0
       1
       3
       2
       5
       0
       1
       0
       1
       1
       1
       1
       1
       1
       1
       0
       0
       0
       2
       0
       0
       0
       0
       2
       1
       0
       1
       1
       3
       0
       0
       4
       2
       3
       0
       0
       0
       1
       0
       1
       0
       1
       2
       3
       1
       1
       0
       0
       1
       2
       0
       2
       3
       0
       1
       1
       3
       2
       2
       3
       2
       1
       3
       3
       3
       2
       1
       1
       1
       2
       1
       1
       2
       1
       2
       2
       1
       0
       0
       0
       1
       1
       2
       0
       0
       0
       2
       1
       2
       2
       3
       0
       2
       3
       1
       1
       2
       1
       0
       1
       3
       0
       2
       0
       1
       0
       0
       0
       0
       0
       2
       1
       0
       3
       0
       1
       2
       0
       3
       1
       3
       3
       3
       0
       1
       0
       2
       2
       0
       1
       0
       1
       1
       0
       1
       2
       0
       0
       3
       1
       0
       0
       1
       1
       0
       3
       0
       0
       2
       1
       1
       0
       0
       2
       0
       1
       0
       1
       1
       0
       2
       0
       3
       0
       2
       0
       1
       0
       0
       1
       0
       1
       2
       0
       1
       0
       0
       3
       1
       2
       0
       1
       0
       3
       3
       0
       2
       1
       2
       0
       3
       0
       1
       2
       0
       1
       0
       0
       0
       0
       0
       0
       6
       0
       1
       2
       2
       0
       2
       0
       1
       1
       4
       2
       0
       0
       1
       0
       0
       0
       0
       1
       1
       1
       0
       1
       0
       2
       2
       2
       0
       0
       4
       0
       2
       1
       2
       0
       1
       2
       2
       1
       0
       2
       1
       1
       0
       1
       1
       0
       2
       0
       0
       2
       1
       2
       4
       2
       1
       3
       2
       3
       3
       1
       1
       0
       1
       1
       0
       1
       0
       1
       2
       0
       2
       0
       1
       3
       2
       0
       0
       1
       4
       0
       0
       1
       1
       2
       0
       3
       0
       0
       3
       2
       0
       0
       0
       0
       4
       1
       0
       1
       4
       1
       1
       1
       2
       1
       4
       0
       2
       0
       4
       0
       0
       2
       1
       0
       1
       0
       0
       1
       0
       0
       1
       1
       0
       1
       1
       0
       0
       0
       0
       1
       0
       1
       0
       1
       1
       0
       0
       1
       0
       1
       0
       0
       0
       0
       0
       1
       1
       3
       0
       1
       2
       1
       2
       1
       0
       1
       0
       1
       0
       0
       0
       1
       1
       0
       0
       1
       2
       0
       1
       0
       0
       2
       1
       1
       1
       0
       0
       0
       1
       0
       1
       1
       0
       0
       0
       0
       0
       0
       0
       0
       3
       0
       0
       1
       1
       1
       0
       1
       0
       2
       0
       0
       0
       0
       0
       0
       1
       0
       0
       0
       0
       0
       1
       0
       0
       1
       0
       2
       0
       1
       0
       0
       0
       1
       0
       0
       1
       0
       0
       1
       0
       2
       0
       0
       1
       1
       1
       3
       0
       0
       0
       2
       0
       0
       0
       3
       0
       1
       0
       1
       1
       0
       0
       0
       2
       2
       2
       1
       0
       0
       1
       0
       0
       3
       0
       0
       4
       2
       0
       1
       0
       0
       1
       0
       0
       2
       0
       1
       0
       2
       0
       0
       0
       0
       3
       0
       0
       0
       0
       3
       0
       0
       2
       0
       0
       0
       0
       0
       1
       1
       0
       0
       1
       1
       1
       0
       1
       1
       1
       0
       0
       0
       1
       0
       0
       1
       1
       0
       1
       0
       0
       2
       0
       0
       0
       0
       0
       1
       0
       0
       0
       0
       0
       1
       0
       1
       1
       2
       1
       1
       0
       1
       0
       0
       0
       1
       2
       1
       0
       2
       2
       1
       0
       0
       0
       2
       0
       0
       0
       1
       1
       0
       1
       0
       1
       1
       2
       0
       0
       0
       2
       1
       3
       1
       0
       1
       2
       0
       0
       1
       1
       0
       0
       0
       2
       0
       0
       0
       1
       0
       2
       0
       0
       0
       0
       1
       0
       1
       0
       1
       0
       0
       1
       0
       0
       1
       0
       0
       0
       0
       0
       0
       1
       2
       1
       2
       0
       1
       0
       0
       1
       0
       0
       0
       0
       1
       0
       0
       1
       0
       1
       0
       0
       0
       0
       0
       0
       1
       0
       0
       0
       1
       0
       1
       0
       0
       3
       3
       0
       0
       3
       0
       0
       0
       1
       1
       0
       1
       0
       0
       1
       1
       1
       1
       0
       0
       0
       0
       2
       1
       1
       2
       3
       1
       1
       1
       0
       0
       0
       0
       0
       0
       0
       0
       1
       0
       0
       0
       0
       0
       0
       3
       1
       2
       2
       1
       6
       3
       4
       3
       0
       2
       1
       0
       1
       0
       1
       1
       0
       0
       1
       1
       0
       0
       1
       1
       0
       1
       0
       1
       2
       0
       0
       1
       0
       0
       0
       0
       0
       0
       0
       0
       0
       0
       0
       1
       1
       2
       2
       1
       2
       0
       0
       1
       0
       1
       0
       0
       1
       0
       0
       0
       0
       1
       1
       1
       0
       0
       0
       0
       0
       2
       1
       0
       2
       0
       1
       0
       0
       0
       1
       0
       0
       1
       1
       0
       0
       1
       0
       0
       1
       1
       0
       0
       0
       0
       0
       1
       1
       0
       0
       1
       1
       0
       2
       0
       1
       0
       0
       1
       0
       1
       0
       0
       0
       0
       1
       0
       0
       0
       0
       2
       1
       0
       1
       0
       0
       0
       1
       0
       1
       0
       0
       0
       0
       1
       0
       1
       0
       2
       0
       1
       1
       0
       0
       0
       0
       0
       0
       1
       0
       0
       0
       0
       1
       0
       0
       1
       0
       1
       0
       0
       0
       0
       0
       0
       1
       1
       1
       0
       0
       1
       0
       0
       0
       1
       0
       0
       1
       1
       1
       0
       0
       0
       0
       1
       0
       1
       2
       1
       1
       0
       1
       0
       1
       0
       1
       1
       1
       1
       0
       2
       1
       0
       0
       0
       0
       0
       0
       0
       1
       0
       0
       1
       0
       0
       1
       1
       3
       0
       0
       1
       0
       1
       0
       0
       0
       1
       1
       1
       0
       1
       0
       0
       0
       0
       1
       0
       2
       0
       0
       0
       2
       2
       5
       8
       7
       8
      16
      13
       6
       7
       7
       7
       4
       2
       0
       1
       0
       1
       0
       0
       0
       0
       1
       1
       0
       0
       0
       0
       0
       0
       0
       1
       0
       0
       0
       1
       0
       0
       0
       0
       1
       0
       0
       0
       0
       1
       0
       0
       0
       1
       0
       0
       0
       0
       0
       0
       0
       0
       0
       0
       1
       0
       0
       1
       0
       0
       0
       1
       0
       0
       0
       0
       1
       0
       1
       0
       1
       1
       0
       0
       0
       1
       0
       0
       0
       0
       0
       1
       0
       0
       1
       0
       1
       0
       0
       1
       0
       0
       0
       0
       0
       0
       0
       0
       0
       0
       1
       0
       0
       0
       0
       0
       0
       0
       0
       1
       1
       0
       0
       0
       0
       0
       1
       0
       0
       0
       1
       0
       0
       1
       1
       1
       0
       0
       0
       0
       0
       1
       0
       0
       0
       0
       1
       0
       1
       0
       1
       0
       0
       1
       0
       0
       0
       0
       0
       0
       0
       0
       2
       0
       0
       1
       1
       0
       0
       0
       0
       0
       0
       0
       0
       0
       1
       0
       0
       0
       0
       1
       0
       0
       0
       0
       0
       0
       0
       0
       0
       0
       1
       0
       0
       0
       0
       1
       0
       1
       0
       1
       0
       1
       0
       0
       0
       0
       0
       0
       0
       1
       0
       0
       0
       1
       1
       0
       0
       0
       2
       0
       1
       1
       0
       0
       1
       0
       0
       2
       0
       0
       1
       1
       0
       1
       0
       1
       0
       0
       0
       1
       0
       0
       1
       0
       0
       0
       0
       0
       0
       0
       0
       1
       1
       0
       0
       1
       0
       1
       0
       0
       0
       0
       0
       2
       3
       0
       0
       2
       0
       1
       1
       0
       0
       0
       0
       0
       0
       0
       0
       0
       0
       0
       0
       0
       0
       0
       0
       1
       0
       1
       0
       0
       1
       0
       0
       0
       0
       0
       0
       0
       0
       0
       1
       0
       0
       0
       0
       0
       0
       0
       0
       3
       0
       0
       1
       0
       1
       0
       0
       0
       0
       0
       1
       1
       0
       0
       0
       2
       0
       0
       2
       0
       0
       2
       0
       0
       1
       0
       0
       0
       0
       0
       0
       2
       0
       0
       0
       0
       0
       0
       1
       0
       0
       0
       1
       0
       1
       0
       1
       0
       0
       0
       0
       1
       0
       0
       0
       0
       0
       1
       0
       1
       0
       0
       0
       1
       0
       1
       0
       0
       0
       0
       0
       0
       0
       0
       2
       0
       0
       1
       0
       0
       1
       0
       0
       0
       1
       0
       1
       0
       0
       0
       1
       1
       1
       0
       0
       0
       0
       0
       0
       2
       0
       1
       0
       0
       0
       0
       1
       1
       0
       1
       0
       0
       2
       0
       0
       0
       0
       1
       0
       0
       1
       0
       0
       0
       0
       0
       0
       0
       0
       0
       0
       0
       1
       0
       0
       0
       0
       1
       0
       0
       0
       0
       1
       1
       0
       0
       0
       2
       0
       0
       1
       1
       0
       0
       0
       0
       0
       0
       2
       1
       0
       0
       0
       1
       2
       2
       0
       1
       1
       0
       1
       1
       0
       0
       0
       0
       1
       0
       0
       1
       0
       1
       0
       0
       0
       0
       0
       0
       0
       0
       0
       0
       0
       0
       0
       0
       0
       0
       0
       0
       0
       0
       0
       0
       0
       1
       0
       0
       0
       0
       0
       1
       1
       1
       0
       0
       0
       0
       0
       0
       0
       0
       0
       0
       0
       0
       0
       1
       0
       0
       0
       1
       0
       0
       1
       0
       0
       0
       0
       0
       1
       1
       0
       0
       0
       0
       0
       0
       0
       0
       0
       0
       0
       0
       0
       0
       0
       0
       0
       0
       0
       0
       0
       1
       0
       0
       0
       0
       0
       0
       0
       0
       0
       0
       0
       1
       0
       0
       0
       0
       0
       0
       0
       1
       0
       0
       0
       0
       0
       0
       0
       0
       0
       0
       0
       0
       0
       1
       0
       0
       0
       0
       0
       0
       0
       0
       0
       0
       0
       0
       0
       0
       0
       0
       1
       1
       1
       0
       0
       0
       0
       1
       0
       1
       0
       0
       1
       0
       0
       0
       1
       0
       0
       0
       0
       0
       0
       0
       0
       0
       0
       0
       0
       0
       0
       0
       0
       0
       0
       1
       1
       0
       0
       1
       0
       0
       0
       0
       0
       0
       1
       0
       0
       0
       1
       0
       0
       0
       0
       1
       0
       0
       0
       0
       0
       0
       0
       0
       0
       0
       0
       1
       0
       1
       3
       6
       2
       2
       2
       0
       3
       1
       1
       0
       0
       0
       0
       1
       0
       0
       0
       0
       0
       0
       0
       0
       1
       0
       0
       0
       0
       0
       0
       0
       0
       1
       0
       1
       0
       0
       0
       0
       0
       0
       0
       0
       1
       0
       1
       0
       0
       0
       0
       0
       0
       0
       0
       0
       0
       0
       0
       1
       1
       0
       0
       1
       0
       0
       0
       0
       0
       0
       0
       0
       1
       0
       0
       0
       1
       0
       0
       0
       0
       0
       0
       0
       0
       0
       0
       0
       0
       0
       0
       0
       0
       0
       0
       0
       0
       0
       0
       0
       0
       0
       0
       2
       0
       0
       0
       0
       0
       0
       0
       0
       1
       0
       0
       0
       0
       0
       0
       0
       0
       0
       0
       0
       0
       0
       0
       0
       0
       0
       0
       0
       0
       0
       0
       0
       0
       0
       0
       1
       1
       0
       0
       0
       0
       0
       0
       0
       1
       1
       0
       0
       0
       0
       0
       0
       0
       0
       0
       0
       0
       0
       0
       0
       0
       0
       0
       0
       0
       0
       0
       0
       0
       0
       0
       0
       0
       1
       0
       0
       0
       0
       0
       0
       0
       0
       0
       0
       0
       0
       0
       0
       0
       0
       0
       0
       0
       0
       0
       0
       0
       0
       0
       0
       0
       0
       0
       0
       0
       0
       0
       0
       0
       0
       0
       0
       0
       0
       0
       0
       0
       0
       0
       0
       0
       0
       0
       0
       0
       0
       0
       0
       0
       0
       0
       0
       0
       0
       0
       0
       0
       0
       0
       0
       0
       0
       0
       0
       0
       0
       0
       0
       0
       0
       0
       0
       0
       0
       0
       0
       0
       0
       0
       0
       0
       0
       0
       0
       0
       0
       1
       0
       0
       0
       0
       0
       0
       0
       0
       0
       0
       0
       0
       0
       0
       0
       0
       0
       0
       0
       0
       0
       0
       0
       0
       0
       0
       0
       0
       1
       0
       0
       0
       1
       0
       0
       0
       0
       0
       0
       0
       0
       0
       0
       0
       0
       0
       0
       1
       0
       0
       0
       1
       0
       0
       1
       0
       0
       0
       0
       0
       0
       0
       0
       0
       0
       0
       0
       0
       0
       0
       0
       0
       0
       0
       0
       0
       0
       0
       0
       0
       0
       0
       0
       0
       0
       0
       1
       0
       0
       0
       0
       0
       0
       0
       0
       0
       0
       0
       0
       0
       0
       0
       0
       0
       0
       0
       0
       0
       0
       0
       1
       0
       0
       0
       0
       0
       0
       0
       0
       0
       0
       0
       0
       0
       0
       0
       0
       0
       0
       0
       0
       0
       0
       0
       0
       0
       0
       0
       0
       0
       0
       0
       0
       0
       1
       1
       0
       0
       0
       0
       0
       0
       0
       0
       0
       0
       0
       0
       0
       0
       0
       0
       0
       0
       0
       0
       0
       0
       0
       0
       0
       0
       0
       0
       0
       0
       0
       0
       0
       0
       1
       0
       0
       1
       0
       1
       0
       0
       0
       0
       0
       0
       0
       1
       0
       0
       0
       1
       0
       1
       1
       0
       3
       2
       5
       4
       8
       4
       0
       5
       1
       2
       1
       0
       0
       0
       0
       0
       0
       0
       0
       0
       0
       0
       0
       0
       0
       0
       0
       0
       0
       0
       0
       0
       0
       0
       1
       0
       0
       0
       0
       0
       0
       0
       0
       0
       0
       0
       0
       0
       0
       0
       0
       0
       0
       0
       0
       0
       0
       0
       0
       1
       0
       0
       0
       0
       0
       0
       0
       0
       0
       0
       0
       0
       0
       0
       0
       0
       0
       0
       0
       0
       0
       0
       0
       1
       0
       0
       0
       0
       0
       0
       0
       0
       0
       0
       0
       1
       0
       0
       0
       0
       0
       0
       0
       1
       0
       0
       0
       0
       0
       0
       0
       1
       0
       0
       0
       0
       0
       0
       0
       1
       0
       0
       0
       0
       0
       0
       0
       0
       0
       0
       0
       0
       0
       0
       0
       0
       0
       0
       0
       0
       0
       0
       0
       0
       0
       0
       0
       0
       0
       0
       0
       0
       0
       0
       0
       0
       0
       0
       0
       0
       0
       0
       0
       0
       0
       0
       0
       0
       0
       0
       0
       0
       0
       0
       0
       0
       0
       0
       0
       0
       0
       0
       0
       0
       0
       0
       0
       0
       0
       0
       0
       0
       0
       0
       0
       0
       0
       0
       0
       0
       0
       0
       0
       0
       0
       0
       0
       0
       0
       0
       0
       0
       0
       0
       0
       0
       0
       0
       0
       0
       0
       0
       0
       0
       0
       0
       0
       0
       0
       0
       0
       0
       0
       0
       0
       1
       0
       0
       0
       0
       0
       0
       0
       0
       0
       0
       0
       0
       0
       0
       0
       0
       0
       0
       0
       0
       0
       0
       0
       0
       1
       0
       0
       0
       0
       0
       0
       0
       0
       0
       0
       0
       0
       0
       0
       0
       0
       0
       0
       0
       0
       0
       0
       0
       0
       0
       0
       0
       0
       0
       0
       0
       0
       0
       0
       0
       0
       0
       0
       0
       0
       0
       0
       0
       0
       0
       0
       0
       0
       0
       0
       0
       0
       0
       0
       0
       0
       0
       0
       0
       0
       0
       0
       0
       1
       0
       0
       0
       0
       0
       0
       0
       0
       0
       0
       0
       0
       0
       0
       0
       0
       0
       0
       0
       0
       0
       1
       0
       0
       0
       0
       1
       0
       0
       0
       0
       0
       0
       0
       0
       0
       1
       0
       0
       0
       0
       0
       0
       0
       0
       0
       0
       0
       0
       0
       0
       0
       0
       0
       0
       0
       0
       0
       0
       0
       0
       1
       0
       0
       0
       0
       0
       0
       0
       0
       0
       0
       0
       0
       0
       0
       0
       0
       0
       0
       0
       0
       0
       0
       0
       0
       0
       0
       0
       0
       0
       0
       0
       0
       0
       0
       0
       0
       0
       0
       0
       0
       0
       0
       0
       0
       0
       0
       0
       0
       0
       0
       0
       0
       0
       0
       0
       0
       0
       0
       0
       0
       0
       0
       0
       0
       0
       0
       0
       0
       0
       0
       0
       0
       0
       0
       0
       0
       0
       0
       0
       0
       0
       0
       0
       0
       0
       0
       0
       0
       0
       0
       0
       0
       0
       0
       0
       0
       0
       0
       0
       0
       0
       0
       0
       0
       0
       0
       0
       0
       0
       0
       0
       0
       0
       0
       0
       0
       0
       0
       0
       0
       0
       0
       0
       0
       0
       0
       0
       0
       0
       0
       0
       0
       0
       0
       0
       0
       0
       0
       0
       0
       0
       0
       0
       0
       0
       0
       0
       0
       0
       0
       0
       0
       0
       0
       0
       0
       1
       0
       0
       0
       0
       0
       0
       0
       0
       0
       0
       0
       0
       0
       0
       0
       0
       0
       0
       0
       0
       0
       0
       0
       0
       0
       0
       0
       0
       0
       0
       0
       0
       0
       0
       0
       0
       0
       0
       0
       0
       0
       0
       0
       0
       0
       0
       1
       0
       0
       1
       0
       0
       0
       0
       0
       0
       0
       0
       0
       0
       0
       0
       0
       0
       0
       0
       0
       0
       0
       0
       0
       0
       0
       0
       0
       0
       0
       0
       0
       0
       0
       0
       0
       0
       0
       0
       0
       0
       0
       0
       0
       0
       0
       0
       0
       0
       0
       0
       1
       0
       0
       0
       0
       0
       0
       0
       0
       0
       0
       0
       0
       0
       0
       0
       0
       0
       0
       0
       0
       0
       0
       0
       0
       0
       0
       0
       0
       0
       0
       0
       0
       0
       0
       0
       0
       0
       0
       0
       0
       0
       0
       0
       0
       0
       0
       0
       0
       0
       0
       0
       0
       0
       0
       0
       0
       0
       0
       0
       0
       0
       0
       0
       0
       0
       0
       0
       0
       0
       0
       0
       0
       0
       0
       0
       0
       0
       0
       0
       0
       0
       0
       0
       0
       0
       0
       0
       0
       0
       0
       0
       0
       0
       0
       0
       0
       0
       0
       0
       0
       0
       0
       0
       0
       0
       0
       0
       0
       0
       0
       0
       0
       0
       0
       0
       0
       0
       0
       0
       0
       0
       0
       0
       0
       0
       0
       0
       0
       0
       0
       0
       0
       0
       0
       0
       0
       0
       0
       0
       0
       0
$ROI:
7
935 1057
1807 1949
3089 3250
4077 4211
4937 5117
6119 6414
7850 7876
$PRESETS:
None
0
0
$ENER_FIT:
-0.191745 0.352572
$MCA_CAL:
3
-1.917451E-001 3.525721E-001 2.799918E-008 keV
$SHAPE_CAL:
3
5.148439E+000 4.152711E-004 1.307750E-008
