# p (hPa)		E(keV)
0	5485.74									3.2865	0.2957611359 	0.6573
100	5157.09									2.7131	0.2931013729	0.54262
200	4885.78									2.771	0.2853172928	0.5542
300	4608.68									2.6891	0.3015236185	0.53782
400	4339.77									3.0863	0.2876598767	0.61726
500	4031.14									2.9801	0.3266190725	0.59602
600	3733.13									3.3834	0.3330019527	0.67668
700	3394.79									3.5584	0.3639169027	0.71168
800	3038.95									4.4519	0.3895295819	0.89038
900	2593.76									4.6075	0.4425229659	1.5358333333
960	2317.31									
