-13	9.285
-12	8.615
-11	7.815
-10	7.145
-9	6.475
-8	5.755
-7	5.045
-6	4.365
-5	3.655
-4	2.895
-3	2.205
-2	1.502
-1	0.547
1	-0.758
2	-1.401
3	-2.191
4	-3.001
5	-3.771
6	-4.461
7	-5.161
8	-5.921
9	-6.791
10	-7.521
11	-8.271
12	-9.031
13	-9.821
14	-10.571
15	-11.301




#P4
-4		-10.9175
-3		-9.1375
-2		-6.0875
-1		-3.0875	
1		3.6125
2		5.6725
3		8.4925
4		11.4525



#svisle P4
-10	-0.1
-9	0.2
-8	0.5
-7	0.8
-6	1.2
-5	1.5
-4	1.8
-3	2.2
-2	2.5
-1	2.7
1	3.2
2	3.4
3	3.7
4	4
5	4.4
6	4.7
7	5
8	5.2
9	5.6
10	5.9
