#$ENER_FIT:
#-0.191745 0.352572
       0
       0
       0
       0
       0
       0
       0
       0
       0
       0
       0
       0
       0
       0
       0
       0
       0
       0
       0
       0
       0
       0
       0
       0
       0
       0
       0
       0
       0
       0
       0
       0
       0
       0
       0
       0
       0
       0
       0
       0
       0
       0
       0
       0
       0
       0
       0
       0
       0
       0
       0
       0
       0
       0
       0
       0
       0
       0
       0
       0
       0
       0
       0
       0
       0
       0
       0
       0
       0
       0
       0
       0
       0
       0
       0
       0
       0
       0
       0
       0
       0
       0
       0
       0
       0
       0
       0
       0
       0
       0
       0
       0
       0
       0
       0
       0
       0
       0
       0
       0
       0
       0
       0
       0
       0
       0
       0
       0
       0
       0
       0
       0
       0
       0
       0
       0
       0
       0
       0
       0
       0
       0
       0
       0
       0
       0
       0
       0
       0
       0
       0
       0
       0
       0
       0
       0
       0
       0
       0
       0
       0
       0
       0
       0
       0
       0
       0
       0
       0
       0
       0
       0
       0
       0
       0
       0
       0
       0
       0
       0
       0
       0
       0
       0
       0
       0
       0
       0
       0
       0
       0
       0
       0
       0
       0
       0
       0
       0
       0
       0
       0
       0
       0
       0
       0
       0
       0
       0
       0
       0
       0
       0
       0
       0
       0
       0
       0
       0
       0
       0
       0
       0
       0
       0
       0
       0
       0
       0
       0
       0
       0
       0
       0
       0
       0
       0
       0
       0
       0
       0
       0
       0
       0
       0
       0
       0
       0
       0
       0
       0
       0
       0
       0
       0
       0
       0
       0
       0
       0
       0
       0
       0
       0
       0
       0
       0
       0
       0
       0
       0
       0
       0
       0
       0
       0
       0
       0
       0
       0
       0
       0
       0
       0
       0
       0
       0
       0
       0
       0
       0
       0
       0
       0
       0
       0
       0
       0
       0
       0
       0
       0
       0
       0
       0
       0
       0
       0
       0
       0
       0
       0
       0
       0
       0
       0
       0
       0
       2
       2
       5
      27
     342
     517
     537
     560
     561
     547
     531
     548
     558
     563
     585
     537
     570
     543
     508
     505
     522
     515
     550
     540
     545
     531
     548
     564
     496
     499
     532
     527
     524
     496
     538
     519
     514
     532
     534
     501
     536
     533
     510
     520
     514
     553
     501
     524
     486
     556
     550
     537
     521
     503
     537
     489
     497
     489
     522
     499
     517
     506
     472
     509
     544
     468
     485
     503
     486
     506
     459
     480
     515
     480
     501
     513
     523
     515
     481
     451
     453
     514
     487
     485
     487
     477
     487
     454
     486
     488
     500
     468
     459
     469
     467
     477
     493
     498
     487
     426
     438
     455
     464
     469
     464
     459
     479
     441
     453
     490
     463
     463
     437
     432
     433
     441
     445
     477
     387
     449
     412
     417
     451
     411
     435
     421
     422
     392
     450
     425
     439
     413
     398
     457
     380
     360
     390
     389
     373
     416
     444
     440
     379
     415
     428
     387
     404
     383
     395
     410
     387
     384
     378
     400
     377
     384
     378
     339
     381
     377
     377
     368
     377
     351
     352
     354
     358
     378
     358
     365
     416
     350
     342
     390
     347
     374
     357
     380
     370
     365
     365
     366
     329
     358
     332
     342
     325
     360
     357
     351
     340
     355
     327
     331
     340
     322
     354
     331
     335
     320
     339
     343
     314
     342
     326
     328
     335
     332
     352
     336
     304
     333
     318
     348
     312
     343
     343
     318
     291
     299
     318
     353
     325
     341
     335
     292
     288
     321
     319
     335
     306
     311
     336
     309
     316
     309
     298
     302
     315
     287
     268
     302
     297
     279
     290
     267
     272
     295
     312
     293
     286
     265
     305
     307
     301
     273
     288
     288
     290
     298
     288
     279
     259
     259
     297
     277
     301
     256
     272
     274
     299
     290
     302
     285
     284
     253
     272
     266
     275
     251
     270
     280
     277
     296
     270
     282
     260
     269
     281
     270
     249
     267
     262
     271
     283
     268
     250
     257
     254
     243
     272
     292
     242
     267
     276
     262
     273
     266
     246
     227
     237
     254
     233
     243
     295
     253
     251
     233
     259
     268
     258
     241
     268
     257
     253
     262
     269
     265
     248
     248
     241
     274
     248
     222
     246
     241
     228
     265
     241
     254
     260
     226
     260
     223
     221
     254
     234
     256
     250
     251
     222
     242
     207
     229
     226
     223
     220
     230
     223
     233
     243
     224
     226
     258
     236
     216
     239
     245
     201
     218
     230
     203
     227
     214
     217
     192
     217
     233
     251
     271
     299
     260
     236
     248
     204
     227
     208
     230
     216
     234
     252
     216
     248
     220
     230
     235
     195
     209
     205
     218
     199
     214
     201
     215
     212
     211
     198
     196
     162
     210
     217
     203
     168
     215
     202
     183
     210
     179
     212
     207
     177
     213
     187
     190
     220
     209
     212
     164
     188
     202
     184
     183
     175
     189
     200
     192
     176
     172
     182
     187
     205
     185
     201
     170
     202
     183
     212
     199
     198
     174
     186
     188
     185
     184
     177
     200
     175
     181
     219
     164
     159
     192
     168
     184
     196
     179
     196
     188
     181
     199
     175
     186
     180
     184
     187
     196
     172
     169
     184
     176
     168
     176
     158
     164
     166
     162
     163
     153
     159
     168
     155
     188
     146
     157
     148
     174
     135
     177
     156
     188
     149
     172
     127
     156
     169
     154
     166
     142
     162
     152
     146
     176
     184
     145
     167
     134
     162
     151
     152
     139
     157
     168
     140
     156
     141
     134
     161
     175
     178
     148
     152
     143
     150
     162
     178
     153
     157
     169
     165
     158
     167
     169
     154
     149
     143
     142
     141
     150
     146
     160
     138
     153
     125
     152
     162
     141
     142
     156
     153
     147
     144
     151
     148
     136
     155
     126
     140
     144
     157
     139
     114
     135
     163
     133
     142
     122
     129
     127
     139
     130
     124
     143
     138
     144
     115
     127
     145
     127
     151
     135
     122
     134
     146
     127
     161
     142
     124
     154
     112
     132
     134
     136
     114
     132
     129
     132
     127
     136
     131
     133
      99
     124
     134
     154
     134
     149
     110
     133
     142
      97
     140
     128
     130
     142
     111
     135
     135
     127
     125
     116
     129
     118
     119
     125
     134
     115
     124
     131
     122
     119
     132
     134
     127
     126
     122
     122
     126
     101
     122
     139
     102
     107
     124
     129
     115
     106
     117
     127
     121
     133
     148
     133
     132
     142
     120
     128
     121
     127
     119
     127
     136
     113
     130
     105
     102
     128
     130
     102
     124
     124
     132
     115
     118
     141
     115
     135
     136
     122
     123
     142
     127
     115
     119
     109
     122
     122
     114
     122
     107
     119
     142
     156
     158
     152
     124
     122
     140
     128
     127
     111
     115
     124
     123
     112
     120
     114
     129
     116
     126
     126
     109
     112
     110
     104
     114
     123
     118
     123
     108
     107
     107
     117
      80
     113
     101
     113
     107
      88
     114
     108
     114
     102
     100
     102
     115
     105
     110
     102
     104
     119
     110
     113
     110
      99
     100
     109
     110
     104
      99
     102
     111
     124
     101
      85
     118
     111
      92
      97
      97
      95
     118
     116
     108
     107
     112
      86
     110
      93
     107
      95
      97
     116
     109
     114
     110
      89
     107
     105
     112
     110
     105
     100
     113
     111
      94
     106
     118
     111
     122
     115
      92
     107
      93
     103
     109
     108
      92
     105
     109
      90
      76
      99
     112
     120
     119
      96
      94
     107
      94
     112
     107
     101
     109
     100
      88
      93
      96
      68
     102
      87
      97
      95
      89
     101
      78
     124
     104
      81
     106
      96
     102
      98
      94
      92
     100
      88
     103
     105
      94
     111
     113
      95
     102
     101
      97
      89
     106
      93
      86
     105
      91
      78
      94
      84
      86
      91
      99
     103
     100
      81
      97
      90
      98
      89
     106
     101
     102
      91
     109
      96
      90
      98
      94
     111
     118
     124
     122
     132
     103
     100
     111
     104
      93
      95
      87
      79
     101
     100
      79
      85
      89
     105
      95
      78
      84
      98
      94
     110
      95
      73
     101
      94
      72
      70
      98
      91
     107
      87
      92
      83
      77
      86
      72
      91
      94
     115
      81
      94
      98
     109
      86
      86
      90
      90
      84
      96
      80
      83
      82
     102
      80
      70
      92
      85
      94
      98
      82
      91
      89
     105
      94
      80
      92
     100
     110
     101
      88
      89
      84
      96
      84
      87
      73
      80
      76
      80
      71
      98
      90
      90
      76
      82
      71
      87
      76
      83
      91
      74
      83
      85
      84
      72
      80
      74
      84
     105
      69
      80
      68
      97
     102
      93
      91
      87
      74
      75
      68
      85
      77
      83
      69
      67
      83
      69
      79
      76
      78
      78
      93
      59
      84
      83
      86
     107
      84
     102
      79
      71
      85
      72
      88
      68
      86
      95
      82
      95
      69
      80
      82
      79
      73
      80
      85
      67
      88
      83
      73
      86
      60
      84
      77
      64
      87
      81
      80
      76
      79
      91
      76
      95
      75
      74
      72
      64
      74
      84
      67
      68
      80
      79
      71
      75
      96
      66
      83
      70
     104
      57
      82
      69
      74
      77
      93
      80
      64
      74
      76
      73
      79
      75
      75
      84
      72
      87
      81
      80
      86
      70
      73
      83
      81
      81
      83
      71
      71
      73
      69
      72
      79
      81
      72
      83
      78
      69
      72
      94
      65
      73
      86
      97
      69
     100
      56
      74
      82
      70
      76
      75
      78
      54
      66
      75
      77
      59
      62
      56
      70
      81
      79
      65
      64
      80
      68
      78
      70
      74
      80
      75
      70
      71
      60
      62
      73
      79
      55
      75
      90
     100
     129
     105
     112
     112
     108
     132
     132
     106
     104
      85
      90
      97
      63
      89
      78
      60
      68
      64
      60
      69
      83
      72
      80
      67
      72
      79
      60
      77
      72
      73
      50
      84
      60
      73
      78
      76
      84
      57
      68
      69
      67
      74
      57
      69
      77
      71
      73
      60
      69
      71
      70
      79
      71
      81
      64
      60
      65
      72
      71
      66
      71
      78
      69
      45
      73
      75
      58
      57
      76
      88
      77
      54
      58
      72
      71
      73
      66
      70
      66
      69
      81
      69
      87
      65
      74
      66
      64
      61
      83
      66
      54
      75
      67
      80
      58
      62
      53
      70
      58
      84
      76
      56
      59
      58
      59
      55
      59
      58
      54
      69
      81
      69
      78
      69
      69
      72
      75
      64
      69
      53
      60
      61
      64
      73
      71
      71
      55
      58
      89
      69
      57
      73
      51
      82
      71
      56
      72
      64
      57
      68
      74
      55
      74
      60
      59
      69
      67
      64
      69
      53
      56
      53
      71
      63
      71
      75
      62
      59
      64
      67
      68
      76
      63
      67
      73
      70
      76
      61
      56
      64
      70
      58
      75
      54
      69
      73
      63
      71
      60
      79
      55
      80
      55
      53
      61
      60
      83
      55
      65
      77
      68
      64
      59
      62
      65
      79
      62
      63
      70
      80
      61
      62
      65
      54
      60
      63
      77
      82
      75
      85
      70
      79
      67
      60
      62
      54
      74
      59
      70
      65
      71
      54
      63
      78
      55
      60
      67
      55
      70
      70
      64
      66
      59
      76
      58
      65
      47
      57
      64
      56
      71
      60
      70
      57
      53
      60
      78
      62
      53
      59
      57
      59
      67
      47
      64
      44
      71
      66
      64
      45
      59
      60
      66
      59
      65
      43
      60
      57
      57
      69
      71
      51
      70
      54
      75
      52
      58
      84
      78
      86
     111
     149
     195
     235
     218
     168
     148
     123
      92
      74
      62
      61
      76
      43
      56
      54
      62
      47
      53
      63
      61
      58
      57
      75
      62
      44
      54
      71
      62
      60
      44
      61
      63
      49
      60
      62
      67
      44
      74
      51
      57
      71
      74
      51
      69
      57
      61
      54
      49
      57
      46
      59
      60
      65
      58
      49
      58
      62
      51
      62
      46
      57
      52
      61
      61
      56
      62
      62
      49
      55
      52
      54
      61
      69
      62
      59
      56
      56
      69
      50
      59
      55
      59
      49
      56
      51
      69
      57
      46
      69
      49
      58
      55
      60
      57
      69
      57
      57
      64
      56
      47
      56
      51
      66
      58
      60
      57
      55
      61
      51
      63
      59
      61
      59
      56
      61
      62
      59
      60
      53
      64
      51
      45
      39
      44
      52
      70
      54
      54
      57
      50
      53
      52
      73
      47
      58
      40
      67
      55
      49
      62
      66
      43
      56
      57
      56
      60
      58
      65
      57
      75
      84
      84
     100
      82
      65
      70
      72
      57
      57
      58
      59
      61
      55
      55
      55
      51
      56
      44
      61
      46
      55
      35
      55
      49
      51
      61
      43
      43
      65
      62
      60
      62
      56
      50
      48
      63
      50
      61
      56
      59
      53
      55
      53
      47
      54
      52
      58
      64
      55
      57
      65
      50
      47
      53
      59
      36
      62
      59
      58
      47
      50
      44
      62
      58
      53
      45
      48
      63
      55
      61
      62
      59
      64
      48
      56
      40
      43
      51
      54
      42
      54
      44
      68
      46
      50
      45
      45
      56
      41
      69
      67
      50
      63
      62
      53
      57
      60
      50
      52
      48
      45
      51
      62
      53
      38
      74
      45
      46
      65
      47
      55
      55
      55
      54
      68
      50
      63
      42
      59
      54
      61
      51
      44
      51
      39
      64
      57
      52
      57
      53
      48
      55
      72
      62
      64
      61
      57
      45
      54
      63
      50
      40
      53
      40
      59
      61
      42
      57
      47
      55
      63
      55
      66
      50
      54
      55
      49
      55
      60
      55
      59
      44
      44
      47
      51
      47
      59
      54
      45
      73
      39
      42
      38
      66
      62
      58
      50
      59
      50
      43
      53
      47
      47
      58
      50
      59
      42
      48
      52
      42
      61
      51
      48
      55
      56
      71
      53
      51
      53
      54
      63
      39
      52
      48
      51
      51
      42
      49
      46
      45
      48
      60
      45
      54
      54
      42
      48
      59
      45
      56
      45
      57
      39
      44
      54
      46
      49
      52
      59
      52
      57
      65
      51
      51
      64
      54
      60
      51
      67
      46
      63
      59
      59
      66
      51
      48
      57
      59
      50
      44
      35
      66
      50
      49
      45
      46
      55
      51
      61
      58
      56
      63
      38
      55
      44
      50
      53
      50
      47
      56
      46
      48
      49
      51
      41
      40
      49
      48
      37
      51
      53
      53
      55
      38
      52
      40
      41
      56
      44
      38
      53
      49
      54
      47
      40
      54
      58
      51
      45
      57
      60
      52
      65
      77
      72
      56
      74
      55
      63
      63
      59
      71
      53
      50
      55
      50
      48
      40
      55
      40
      46
      54
      47
      52
      52
      48
      44
      59
      51
      55
      52
      54
      53
      57
      44
      44
      58
      52
      43
      42
      47
      52
      54
      60
      47
      37
      49
      39
      60
      51
      49
      47
      68
      57
      35
      68
      57
      52
      52
      56
      49
      52
      38
      36
      37
      45
      49
      42
      49
      46
      43
      51
      59
      47
      55
      40
      49
      61
      50
      48
      57
      48
      44
      55
      43
      46
      51
      53
      43
      45
      50
      50
      51
      45
      49
      67
      37
      44
      45
      55
      51
      48
      44
      51
      64
      65
      57
      58
      57
      54
      39
      58
      47
      56
      46
      41
      54
      57
      31
      57
      28
      40
      42
      52
      43
      58
      48
      53
      55
      50
      40
      50
      52
      58
      52
      53
      46
      53
      42
      49
      59
      52
      48
      51
      43
      55
      46
      54
      47
      54
      60
      37
      46
      48
      63
      48
      57
      52
      53
      49
      45
      49
      39
      40
      58
      54
      44
      49
      46
      45
      40
      61
      52
      52
      47
      41
      50
      53
      45
      48
      55
      45
      47
      47
      59
      38
      39
      53
      46
      35
      54
      46
      55
      54
      52
      50
      37
      52
      53
      47
      41
      43
      57
      48
      41
      51
      56
      49
      41
      58
      54
      43
      46
      46
      49
      49
      50
      53
      41
      41
      38
      62
      53
      58
      51
      46
      57
      50
      38
      41
      46
      55
      46
      46
      38
      53
      46
      50
      46
      38
      43
      59
      53
      47
      50
      50
      51
      54
      47
      52
      44
      44
      48
      60
      36
      47
      39
      57
      59
      57
      45
      50
      50
      58
      46
      51
      44
      44
      48
      34
      53
      44
      41
      63
      52
      55
      59
      53
      50
      49
      48
      43
      49
      42
      61
      48
      44
      62
      40
      44
      56
      33
      37
      55
      54
      58
      49
      47
      40
      56
      54
      46
      58
      57
      55
      54
      57
      50
      60
      46
      41
      47
      42
      38
      49
      60
      45
      53
      50
      56
      48
      40
      45
      46
      31
      48
      34
      50
      55
      49
      51
      47
      50
      51
      48
      35
      53
      41
      42
      58
      42
      41
      54
      48
      56
      43
      53
      69
      33
      38
      49
      55
      57
      40
      42
      44
      38
      40
      42
      42
      52
      39
      52
      50
      38
      41
      44
      42
      44
      67
      45
      54
      45
      48
      47
      55
      46
      72
      47
      44
      48
      59
      45
      40
      58
      52
      34
      47
      42
      50
      54
      54
      37
      43
      42
      46
      48
      49
      50
      54
      56
      49
      47
      59
      54
      61
      55
      72
      57
      51
      58
      46
      55
      53
      46
      41
      46
      49
      48
      44
      44
      55
      39
      46
      48
      50
      48
      54
      29
      44
      43
      53
      38
      39
      38
      45
      44
      48
      44
      40
      43
      43
      49
      52
      51
      49
      36
      51
      34
      37
      43
      67
      42
      55
      48
      48
      50
      38
      40
      54
      52
      41
      54
      49
      48
      40
      57
      44
      52
      50
      48
      56
      59
      68
      62
      56
      49
      53
      54
      49
      38
      50
      41
      46
      52
      53
      45
      51
      43
      42
      45
      49
      44
      56
      50
      54
      53
      45
      34
      35
      40
      42
      48
      36
      56
      53
      40
      47
      42
      36
      49
      47
      54
      49
      49
      36
      37
      51
      44
      41
      33
      54
      54
      52
      56
      47
      42
      51
      54
      40
      44
      56
      38
      53
      45
      45
      45
      41
      50
      58
      52
      47
      52
      27
      45
      30
      50
      44
      48
      39
      52
      48
      40
      33
      65
      65
      45
      52
      49
      55
      48
      52
      50
      45
      35
      42
      39
      45
      51
      42
      50
      61
      46
      38
      32
      54
      59
      44
      45
      31
      38
      43
      42
      39
      58
      65
      40
      39
      46
      59
      52
      37
      44
      41
      48
      55
      52
      53
      40
      55
      48
      49
      46
      44
      44
      30
      49
      47
      40
      60
      47
      38
      48
      52
      52
      45
      39
      46
      47
      37
      40
      44
      57
      46
      46
      30
      51
      48
      52
      36
      44
      45
      50
      42
      55
      51
      50
      42
      53
      49
      50
      40
      39
      44
      47
      49
      40
      45
      48
      58
      40
      45
      50
      50
      45
      37
      47
      62
      40
      58
      50
      51
      39
      44
      38
      46
      45
      58
      52
      47
      45
      39
      42
      48
      42
      54
      49
      59
      40
      41
      37
      41
      44
      48
      50
      54
      47
      54
      42
      49
      37
      39
      43
      61
      48
      45
      47
      47
      45
      42
      53
      43
      33
      38
      38
      53
      52
      49
      54
      44
      50
      60
      50
      49
      41
      41
      38
      44
      36
      63
      50
      51
      45
      40
      42
      42
      57
      52
      52
      54
      70
      47
      63
      35
      58
      52
      28
      59
      33
      51
      46
      49
      42
      57
      43
      60
      45
      60
      45
      53
      52
      66
      39
      48
      47
      45
      51
      56
      49
      43
      57
      59
      44
      39
      41
      44
      40
      43
      47
      32
      61
      59
      61
      46
      53
      39
      42
      43
      42
      51
      47
      39
      45
      36
      47
      48
      49
      46
      40
      39
      44
      42
      55
      47
      53
      45
      62
      47
      51
      38
      56
      57
      45
      48
      46
      40
      46
      50
      38
      47
      58
      45
      33
      44
      61
      48
      50
      40
      49
      47
      47
      46
      42
      58
      47
      52
      48
      42
      48
      49
      44
      50
      52
      52
      47
      48
      43
      44
      54
      48
      54
      45
      41
      54
      48
      47
      57
      56
      47
      42
      55
      43
      49
      47
      41
      60
      50
      38
      54
      46
      58
      42
      53
      50
      67
      32
      48
      51
      60
      51
      41
      49
      49
      48
      69
      60
      53
      45
      47
      40
      37
      55
      44
      40
      42
      38
      60
      64
      46
      46
      50
      57
      50
      47
      53
      44
      63
      47
      51
      42
      47
      48
      58
      55
      56
      63
      66
      48
      60
      53
      44
      47
      50
      55
      42
      53
      53
      47
      44
      45
      47
      62
      52
      52
      49
      44
      61
      60
      70
      58
      43
      61
      58
      70
      68
      68
      74
      74
      75
      62
      60
      51
      41
      61
      65
      52
      46
      38
      61
      63
      50
      56
      69
      44
      56
      53
      60
      49
      50
      66
      52
      60
      46
      58
      52
      59
      57
      48
      54
      62
      52
      40
      51
      52
      59
      42
      58
      62
      59
      57
      50
      53
      68
      47
      44
      52
      58
      72
      48
      59
      61
      58
      53
      54
      49
      60
      73
      89
     111
     119
     131
     138
     121
     125
     123
      83
      70
      70
      50
      69
      51
      48
      54
      60
      46
      49
      62
      64
      58
      58
      62
      63
      47
      50
      58
      50
      66
      52
      67
      57
      58
      58
      74
      73
      66
      45
      58
      60
      49
      52
      53
      53
      41
      70
      42
      38
      52
      60
      57
      56
      53
      52
      46
      46
      62
      63
      52
      62
      55
      46
      53
      61
      50
      56
      56
      50
      69
      53
      56
      56
      56
      61
      64
      67
      73
      66
      62
      59
      55
      62
      64
      62
      62
      54
      51
      51
      53
      51
      57
      55
      39
      51
      50
      54
      50
      65
      54
      41
      55
      41
      50
      61
      44
      67
      47
      53
      37
      43
      49
      42
      34
      41
      46
      33
      37
      34
      41
      35
      55
      44
      51
      45
      38
      45
      40
      46
      41
      46
      36
      40
      45
      35
      37
      49
      45
      41
      41
      46
      37
      55
      43
      45
      40
      35
      45
      62
      45
      49
      43
      39
      47
      50
      50
      41
      56
      39
      35
      40
      39
      38
      37
      37
      36
      43
      33
      37
      43
      40
      43
      40
      34
      39
      49
      42
      34
      38
      44
      59
      34
      45
      36
      36
      41
      38
      41
      41
      43
      36
      37
      41
      30
      30
      35
      41
      33
      36
      44
      37
      40
      32
      44
      34
      46
      41
      40
      29
      25
      39
      39
      45
      36
      38
      35
      30
      32
      32
      25
      33
      33
      31
      38
      40
      36
      43
      36
      36
      33
      33
      36
      37
      32
      26
      30
      31
      35
      28
      37
      34
      28
      34
      31
      36
      36
      31
      33
      29
      42
      34
      45
      31
      25
      44
      33
      26
      37
      27
      29
      41
      33
      36
      31
      40
      29
      43
      27
      26
      32
      26
      33
      37
      30
      35
      41
      39
      42
      45
      37
      32
      37
      27
      36
      31
      33
      22
      32
      34
      34
      39
      23
      36
      27
      37
      35
      35
      30
      33
      29
      28
      27
      31
      40
      24
      31
      47
      38
      29
      35
      46
      37
      40
      28
      30
      28
      42
      34
      50
      36
      24
      38
      33
      31
      23
      27
      22
      27
      20
      36
      37
      30
      35
      41
      29
      39
      50
      67
      50
      72
      52
      49
      40
      34
      45
      35
      28
      32
      30
      29
      33
      40
      24
      25
      23
      22
      27
      23
      22
      22
      35
      27
      20
      29
      26
      19
      30
      32
      27
      24
      28
      28
      27
      23
      25
      26
      28
      24
      24
      21
      23
      23
      29
      24
      27
      22
      20
      17
      29
      24
      20
      18
      27
      20
      15
      33
      29
      27
      23
      13
      24
      33
      16
      32
      31
      21
      30
      29
      20
      19
      24
      18
      28
      19
      30
      23
      25
      22
      19
      29
      20
      24
      23
      20
      20
      25
      24
      27
      22
      27
      29
      28
      27
      23
      25
      20
      28
      24
      16
      24
      22
      27
      19
      25
      27
      17
      22
      25
      17
      18
      27
      24
      14
      22
      14
      26
      32
      22
      26
      22
      21
      31
      26
      17
      21
      27
      27
      15
      28
      28
      25
      21
      25
      18
      31
      21
      32
      16
      21
      17
      24
      27
      21
      16
      12
      19
      14
      28
      25
      13
      27
      20
      37
      39
      46
      47
      29
      35
      40
      38
      19
      20
      18
      22
      28
      15
      20
      19
      16
      25
      26
      26
      19
      29
      15
      24
      23
      19
      23
      31
      20
      16
      21
      15
      21
      24
      23
      22
      27
      28
      14
      27
      30
      22
      19
      14
      26
      22
      17
      18
      26
      18
      21
      23
      16
      25
      16
      19
      20
      13
      18
      19
      19
      15
      16
      24
      15
      20
       8
      21
      23
      19
      19
      17
      22
      19
      15
      13
      23
      22
      21
       9
      15
      16
      27
      16
      29
      23
      20
      15
      24
      19
      26
      19
      29
      16
      20
      26
      14
      23
      26
      21
      19
      19
      21
      16
      22
      18
      15
      25
      22
      17
      28
      23
      30
      23
      22
      27
      25
      25
      13
      16
      24
      28
      20
      25
      22
      13
      12
      21
      17
      14
      14
      21
      18
      13
      14
      17
      21
      23
      26
      20
      23
      27
      22
      15
      11
      19
      16
      22
      22
      24
      16
      14
      15
      18
      14
      22
      16
      19
      25
      20
      22
       9
      11
      24
      20
      15
      26
      11
      24
      22
      25
      20
      22
      18
      17
      18
      17
      19
      18
      23
      14
      14
      12
      19
      18
      15
      24
      18
      23
      27
      25
      22
      18
      31
      19
      17
      13
      20
      20
      20
      24
      22
      22
      17
      17
      20
      29
      27
      39
      67
      95
     220
     305
     458
     662
     783
     883
     782
     675
     510
     363
     200
     105
      53
      43
      19
      25
      20
      14
      12
      16
      12
      11
      12
      16
      13
      31
      17
      17
      25
      28
      32
      30
      39
      40
      27
      16
      18
      17
      16
      14
      21
      16
      18
      20
      19
      14
      17
      20
      27
      13
      14
      15
      26
      17
      19
      13
      16
      27
      14
      15
      12
      11
      17
       9
      11
      18
      15
      19
      13
      19
      19
      24
      15
      10
      23
      13
      14
      10
      16
      17
      16
      19
      13
      22
      17
      18
      13
      24
      24
      25
       9
      17
      16
      17
      21
      16
      30
      27
      23
      16
      17
      23
      16
      14
      21
      20
      14
      18
       8
      23
      17
      13
      18
      17
      33
      39
      23
      36
      32
      22
      20
      26
      21
       9
      17
      12
      23
      24
      17
      10
      19
      16
      15
      17
      17
      25
      17
      17
      10
      20
      22
      16
       7
      15
      20
      10
      17
      18
      25
      14
      20
      21
      13
      11
      14
      13
      21
      12
      13
       9
      20
      17
      18
      13
      15
      16
      24
      23
      17
      23
      17
      14
      15
       8
      15
      15
      17
      17
      14
      10
      12
      15
      15
      17
       7
      12
      19
      12
      11
      11
      14
      12
      15
      13
      17
      14
      13
      21
       9
      20
      19
      21
      14
      23
      16
      11
      21
      13
      16
      15
      16
      12
      22
      11
      15
      17
      12
      25
      14
       9
      11
      16
      28
      19
      18
      21
      14
      16
      28
      13
      15
      12
      22
       9
       9
      23
      16
      18
      13
      21
      11
      12
      13
      13
      15
      11
      13
      18
      15
      12
      12
      18
      15
      13
      16
      10
      22
      14
      18
      19
      22
      26
      38
      51
      61
      71
      96
      99
      74
      58
      65
      36
      28
      27
      11
      17
      14
      16
      14
      18
      18
      12
      14
      21
      12
      17
      17
      13
      15
      11
       8
      12
      22
      20
      19
      14
      18
      16
      14
      18
       9
      10
      14
      16
      14
      16
      17
      15
       9
      15
      13
      20
      20
      16
      25
      14
      15
      13
      12
      12
      13
      14
       8
      14
       8
      13
      10
      14
      18
      19
      15
       9
      14
      15
      11
      12
      14
      19
      15
       8
      24
      14
      16
      20
      10
      18
      14
      19
      15
      16
      15
      18
      14
      17
      14
      11
       6
      14
       7
       9
      11
      14
      19
      18
      13
      11
      18
      12
      13
      13
      13
      13
      18
      16
      15
      18
      17
      19
      14
      22
      14
      16
      21
       7
      11
      16
      13
      21
      12
      16
      18
      24
      12
      17
      20
      15
      14
      24
      14
      21
      25
      25
      23
      27
      23
      26
      18
      16
      23
      22
      11
      14
      12
      18
      14
       8
      16
      10
      11
      12
      11
      12
      11
      13
      12
      14
      12
      19
      24
      13
      15
       9
      11
      17
      19
      10
       9
      11
      13
      11
      17
      13
      13
      10
      20
       8
      16
      16
      15
      16
       8
      17
      15
      19
      19
      16
      13
      12
      15
      11
      13
      16
       9
      14
      15
      15
      20
      21
       7
      11
      12
      12
      19
      16
      16
      15
      10
      14
      21
      16
       4
      23
       9
      16
      11
      17
      19
      16
      12
       9
      11
      16
      10
      11
      16
      18
      12
      11
      15
      18
      20
      14
       7
      11
      12
       6
      12
      18
      13
      18
      16
      16
      10
      11
       8
      14
      14
      16
      11
      12
      12
      17
       9
      17
      13
       9
       6
      11
      11
      11
       8
       7
      16
      13
      11
       8
      16
       6
       6
      11
       8
      12
      15
      12
      11
       9
       9
      13
      11
       7
       6
      11
      10
      14
      16
       9
      15
       8
       9
      14
       8
      12
      14
      10
       5
      10
       8
      17
      15
       9
      18
      15
       7
       6
      16
      10
       9
       7
       8
      18
      11
      10
      16
       4
      15
      12
      18
      13
      13
      12
      11
      13
      12
       9
      11
      10
       9
      12
      20
      14
      21
      12
      15
       9
       3
      20
      14
      16
      14
      11
      21
      12
      14
      14
      22
      15
      16
      17
      10
      10
      24
      11
      10
      15
       7
      18
      13
      12
      12
      13
      15
       8
      17
      14
       8
       8
      12
      16
      14
      22
      16
      22
      15
      10
      12
      11
      16
      16
      14
      13
      17
      14
       8
      10
       6
       7
      11
      12
      11
      13
      19
      15
      16
      16
      18
      14
       9
      10
      15
      13
      17
      11
      11
      11
       8
      12
      12
       9
      21
      16
       7
      11
      11
      13
      19
       7
      14
      11
      15
       8
      11
       7
      15
      15
      13
      11
      12
       9
       9
      13
      12
      13
      15
      12
      11
      15
      14
       9
      10
       9
      15
      18
      15
      12
       9
      12
      10
      12
      13
      11
      10
       8
      10
      11
      14
      14
      17
       9
      18
       9
      12
       7
      10
      12
      16
      13
       8
      11
      17
      10
      11
      11
      11
       9
      13
      13
      16
      10
      10
      10
      11
      13
       7
       9
       6
      18
      16
      13
       9
      11
       9
      10
       9
      13
       7
      12
      13
      14
      11
      12
       4
       5
      13
      16
      15
      11
      10
      23
      17
      24
      32
      43
      47
      40
      44
      28
      24
      19
      21
       8
      11
       9
      17
       6
       6
       7
       9
       8
      12
      13
       9
       6
      13
       6
       6
      11
      10
       5
      10
      14
       5
      11
      13
      10
      13
       8
      11
      10
       7
      14
       6
      11
      13
      19
      11
      10
      16
      10
      12
       6
      15
      12
      18
      12
      13
      13
      16
       6
      10
      16
       8
      13
       8
      14
       6
       8
      11
      11
      12
       8
       5
       5
      11
      15
      13
      11
      14
       9
       6
       7
      10
      14
      13
      10
      14
      10
       5
      20
       7
       9
       9
       9
      11
       8
      11
      10
      12
       7
       7
       9
      13
       8
      10
      10
       4
      11
      13
       8
      10
      12
      11
      11
      11
      12
      15
       6
      13
       6
      12
      10
      15
      15
      11
       8
      13
       6
      10
      11
       9
      10
       5
      11
       8
       9
      13
      11
      10
      10
       5
      10
      16
      17
       6
      12
      20
       8
       9
      14
      13
      13
       9
      12
      11
       7
      12
       7
       6
      22
      10
      12
       8
      10
      12
      21
       6
      11
      13
       9
      13
      18
      11
       7
      10
      10
      10
      18
      10
       8
      12
      18
       6
      14
       7
      13
      10
       8
      12
      10
       7
      14
      15
      15
      15
      10
      13
      12
       7
      13
       5
      15
      15
      10
      11
       7
      15
       9
       9
      13
       6
       5
       8
       8
      10
      14
      10
       7
       5
       9
      12
       7
      10
      10
       9
      10
       7
      10
       9
      14
      12
       9
       5
      11
      11
      10
       7
      11
      13
       5
      12
      19
      10
      13
       7
      17
      17
      12
      22
      29
      36
      45
      69
      84
     105
     136
     155
     167
     150
     142
     116
      88
      60
      37
      24
      16
       9
      16
      16
      11
      11
      16
       9
      14
      14
      11
      14
      11
      15
       8
      10
      16
       9
      10
      18
       8
      13
       9
      12
      10
      14
      10
      10
      10
      10
      13
      15
       6
      11
       7
      14
       6
      10
       9
       8
      18
      13
      17
      19
      12
      17
      14
       6
      14
      15
      14
      14
       6
      10
      17
       9
       8
      15
      21
      15
       9
      23
      10
       6
      11
      11
      18
      12
      15
       8
       9
      11
      12
      11
      13
      12
      11
      19
      26
      22
      40
      58
      55
      89
      90
      87
      90
      68
      43
      33
      33
      13
      16
      17
       7
      12
      10
       9
       9
       4
      14
       7
      13
       9
      20
      15
      15
       9
      14
      14
       7
       9
      16
       8
      11
       5
       9
      10
      11
      15
       9
       9
       8
      12
       8
      14
      15
      14
      15
      10
       8
      12
      16
       9
      12
      15
      16
      11
      17
      16
       9
      14
      13
      14
       8
      12
      12
      11
       9
       8
      12
      10
       8
       6
      11
      15
       9
      14
      12
      11
      12
      10
      14
      13
      11
       7
       4
       9
      10
      11
      11
      10
      12
      10
      12
      15
      14
      15
      15
      10
      14
      11
      11
       8
      10
      13
      15
       9
      10
      11
       9
      19
      10
      16
      14
      10
       7
      15
      10
       7
       6
      17
       7
       9
      25
      10
      11
       8
      15
      16
       9
      12
      19
      22
      10
       5
      12
      16
       8
      16
       9
      19
       9
      13
      12
       8
       8
       7
       8
       5
       7
      11
      11
       9
      13
      15
      12
       9
      13
      10
      14
       8
       8
      10
       5
      16
      11
       7
      16
      10
      15
       8
      10
      10
      16
      13
      14
      12
      11
      11
      12
       8
      12
       8
       5
      12
      10
      14
      13
       7
       9
      10
      11
       7
       9
       8
      19
      17
       9
      18
       7
      10
      14
       8
      11
      14
      12
       8
      16
      15
      11
      12
      15
      16
      15
      16
      11
      12
      16
       8
      15
      14
      10
       7
       6
      15
      14
       9
      10
      15
       9
      12
      15
      12
       9
       9
      18
      18
      23
      26
      22
      10
      22
      12
      18
      11
      14
      10
       8
      12
      11
      12
       8
      10
      12
       9
       5
      10
       8
       5
      13
      17
       8
      13
      24
      10
      11
      11
      10
       7
      10
      14
      14
      14
       8
       6
       9
      15
      14
      13
      10
       7
      16
      14
      14
       7
      12
      13
       9
      13
      13
       7
      10
      13
      10
      16
      15
       8
      10
       8
       9
      11
      17
      17
      15
      11
      13
      16
      17
      12
       8
      14
      10
      13
      16
      10
      12
       8
      16
      17
      13
      20
      11
       9
      11
      15
      19
      15
       8
      15
      12
      10
      10
      13
      11
      10
      15
      13
      13
      14
       4
      13
       8
      13
      12
      16
      15
      12
       9
      13
      10
      13
       9
       7
      10
      11
       8
      12
       9
      10
      10
      11
      14
      14
      11
      13
      12
      15
       8
       9
      14
      12
      12
      11
      15
      14
      11
       9
       5
      15
      15
      16
      10
      11
       6
      14
      14
      10
      11
      15
       9
      14
      10
      14
      13
       7
       7
       6
      11
      11
       9
      10
      12
       9
      12
      11
      14
       7
      13
      13
      11
      11
      12
      12
       9
      15
      13
      14
      14
      11
      15
      13
      13
       9
       8
      14
      16
      10
       5
      20
       9
      14
      10
      11
      13
      16
      13
      12
      20
      11
      12
      14
      13
       9
       8
      15
      11
      10
      10
      14
      11
       7
      11
       9
      10
      12
      11
       9
      16
      12
      17
      10
      10
      18
      10
       5
       9
       7
      13
       9
      14
      11
      14
      13
      14
      16
      15
      15
       4
      18
       7
      10
      16
      12
      18
       8
      12
      17
      14
      12
      12
      14
      13
      12
      11
       9
      14
      11
      14
      11
      16
      11
      14
      15
      14
      15
       8
      15
       8
       5
      10
      10
      10
      17
      10
      12
      13
      14
      12
      14
      12
       6
       8
      11
      10
       7
       7
      16
       8
      15
      13
      12
      12
      15
      14
      14
      16
       8
      11
      11
       7
      13
      11
       7
      13
      13
      10
       9
      17
      12
      11
      10
      12
       9
      12
       5
      10
      10
      12
       9
      11
      15
      19
      13
      11
      11
      13
      11
      15
       6
      15
       9
      15
      10
      16
       9
       8
       9
      14
      10
      11
       9
      12
      10
      10
      14
      10
      12
      14
      21
      11
      14
      13
      13
      13
      14
       9
      11
      13
       9
      12
       7
      12
      14
      11
      11
      12
       8
      10
       4
      13
       9
       8
      10
       9
      12
      11
      17
       7
      12
       7
       9
      11
      17
       7
      12
      11
      10
      11
       8
      13
      11
      17
      15
      14
      12
      11
       8
      14
      10
      11
       8
       7
       7
       9
      11
      13
      12
      11
      11
      16
       8
      11
      17
       9
      20
       5
      15
      14
      10
       9
      12
       9
      11
      14
      15
      10
      14
       8
       8
      12
      11
      12
       8
      10
      10
       8
       6
      12
       8
      14
      12
      11
      13
       5
      13
      11
      11
      18
       9
      12
      15
      20
       5
      11
      16
      17
       9
       8
      11
      13
      15
      15
      11
       7
       7
      17
      11
       8
      12
       7
       3
      11
      10
       7
      12
       7
       6
      16
       5
       4
       7
      15
       8
       8
      17
      19
      13
      10
       9
      11
       8
       9
      14
      13
      13
      13
       8
      10
       9
      17
      12
      10
       5
       9
      13
      10
       6
      20
      16
      11
      10
      12
      11
       9
      14
      10
      13
      14
      12
      15
      16
      12
       9
      15
      16
      10
      19
       9
      10
      13
      15
      12
      17
      17
      10
      15
      15
       8
       9
      11
      17
      12
      10
      10
       9
      13
      10
      11
      13
       9
      12
      12
       7
      11
      13
       7
      12
       9
       8
       8
      16
       9
      11
      12
      10
      16
       8
      12
      19
       8
      10
      14
       8
      10
      14
      14
       8
       7
      17
      13
      13
       9
      10
      14
      11
       9
       8
      11
      12
       7
      12
      16
      19
      13
       9
      14
      16
      14
       9
       4
       5
      13
       8
       7
      14
      11
      10
       4
       7
      15
      11
      11
      12
      12
      12
      10
      10
       9
      17
      15
      13
      12
       9
      10
      11
      16
      13
      10
      13
      12
       8
      11
      11
      15
       9
      12
       7
       6
      15
       8
      11
       8
      16
       6
      15
      14
      14
      11
      12
       7
      11
      17
      20
       9
       7
      14
       5
      10
       8
      16
       9
      10
      11
      10
       9
      12
      18
      12
       8
       5
       7
      10
       6
      10
       8
      10
      14
      12
      14
       9
       6
      10
      13
      10
      12
       8
       9
      14
       6
       9
      15
       4
       8
      12
       9
      18
      10
      10
      12
      10
       9
       4
      12
      12
      15
      11
       7
      16
      10
      11
      10
       5
       9
      16
       3
      12
      14
       8
      16
      10
      12
       9
      15
      13
      11
       7
       9
      11
      18
       7
       6
       8
      13
      15
      10
      14
      13
      10
      13
      13
      11
      10
      15
       8
      10
      13
      15
      11
      10
      10
      11
      12
      11
      15
      10
      12
      10
      12
       9
       7
      10
       9
       8
      12
       9
      14
      13
      11
      11
      13
      12
      13
      19
      10
      12
       5
       7
      13
      10
       6
      16
       8
      12
       5
       8
       9
       9
       9
       8
      10
       5
       7
      19
      13
       9
      14
       6
       4
       8
      19
      13
       5
      11
      13
       8
      14
      16
       7
       9
      11
      11
      13
      10
       6
      11
       8
      13
      10
       8
      10
      10
      11
      10
       6
       7
       7
      11
       6
      10
      10
      10
       8
       6
       6
      11
       6
       9
      11
      11
       7
      14
      17
       9
       5
       6
      11
      10
      14
       5
      12
       9
       3
      14
       6
       6
      10
       9
       8
       9
       9
      10
       8
      10
      17
       6
       8
      12
       8
       8
       7
      11
      11
       9
      12
       9
      10
       7
       9
       9
       8
      12
       6
       7
      11
       7
      10
       9
      12
      10
       6
       5
      11
       8
       8
       6
      11
      11
      12
      13
      19
      20
      28
      31
      31
      30
      37
      32
      36
      25
      24
      22
      17
      13
      11
      11
      14
       7
      11
       6
       5
       8
       8
       9
       9
       5
       9
       9
      11
       8
      12
      10
       9
       9
       8
      14
      10
       8
      11
       9
       9
      15
      10
       6
       9
       7
      12
      15
      13
       5
       9
       7
       8
      11
      12
      14
       9
      11
      10
      11
      14
       8
      12
       8
       9
      17
      13
      15
      14
      11
       7
      10
      11
      13
      12
       9
       5
       9
       4
       8
      10
       5
       8
      12
       9
      10
       9
       7
      10
      13
      13
       8
      15
      14
       7
       3
       7
       8
       9
      12
      19
      11
       8
       6
      17
      12
      17
      24
      22
      29
      29
      32
      37
      30
      24
      18
      10
      14
      10
       6
      13
       6
      14
       8
       8
      12
      15
       8
      12
      12
       7
      12
      16
      11
       7
      10
      11
      12
      12
       9
      13
      21
       6
      13
      10
      11
       9
       5
       3
      12
       7
      10
       9
       7
      11
       9
       9
      12
       7
      14
       5
      11
       9
       7
      11
       8
      12
       9
       9
       8
      15
      16
       6
       7
       7
      10
       5
       9
      13
      11
      12
      17
      14
      14
       9
      13
       9
      11
      12
       9
      11
      11
      13
      11
      10
      12
      10
      12
      11
      10
      13
       9
       9
       9
      10
       8
      13
      19
      12
       8
      13
      14
      12
      19
      24
      31
      34
      56
      57
      68
      67
      67
      70
      54
      54
      33
      24
      30
      16
      11
      11
      13
      10
      11
       7
      13
      14
      13
      10
      22
      14
      10
      13
       9
       7
      13
      12
      10
       8
       8
      15
      17
      11
      10
      16
      13
       6
       2
      12
       7
       7
      10
      15
      14
       9
      10
      15
      16
       9
       9
       3
       9
      13
       9
      12
       6
      17
       4
      11
      11
      10
       2
      12
       7
      10
      10
      10
       8
      10
       6
      11
       6
       3
       9
      15
      11
       5
      11
      11
      17
       7
      12
      12
      13
      12
      17
      10
       4
       9
       9
      15
      10
       9
       7
       5
       8
       8
       4
      10
       8
       9
      14
      11
      11
      11
      18
      13
      20
      10
       9
      16
       4
      12
      11
      11
      12
       8
       7
       7
      12
       5
      13
      11
       9
      12
      12
      14
      10
      11
       8
      12
      14
      10
      11
       8
      12
      16
       9
       6
       9
      11
      15
       7
      10
      10
      17
       9
      11
      13
      16
      11
       7
      11
      12
       3
      13
      17
       6
      16
       8
      10
       8
       7
      11
       7
      12
      10
      11
      18
      21
       9
      12
      16
       9
      10
      10
       9
      10
      13
      13
      12
       9
      10
      10
      13
      13
      13
      14
      11
      14
      10
      10
      16
      19
      13
      18
       8
      14
      14
      12
      14
       7
      12
      12
      18
      11
      14
       5
       8
       9
       5
      10
      12
      12
      14
       8
      11
      16
       8
      17
       9
      21
      13
      10
       7
      14
       8
       7
      12
       7
      14
      17
      12
       9
      13
      18
      16
       7
      18
       7
      14
      18
      12
      13
       9
      13
      12
      12
      11
       7
      13
      13
       7
       9
      12
      16
      18
       9
      15
      10
       7
       8
       9
       9
      10
      10
      15
      11
       7
      17
       9
       9
      15
      13
       7
      11
       9
      17
      11
       6
      18
      13
      18
      15
      12
       7
       9
       9
      11
      13
      13
      10
      10
       9
      12
      16
      10
       7
       6
       7
       9
       7
       9
      13
       8
       5
       6
      13
      15
      14
      15
      21
      11
      11
      15
      11
      10
      12
      10
      10
      13
       6
       8
       9
      11
      12
       9
      18
       8
      13
       6
      10
       9
      15
       9
      14
      11
       8
      17
      19
      19
      12
      13
      13
       5
      11
      14
      13
      17
       9
      13
       6
      11
       5
      12
      10
      14
      15
      16
       9
       9
      12
      12
      18
      13
      17
      13
      13
      10
       7
      22
      11
      13
      19
      12
      16
      14
      13
      16
      11
      10
      12
       8
       9
      17
      12
      14
       8
      11
      19
      10
      13
       9
      10
      16
      13
       9
      13
      16
      12
       8
      13
      13
      14
      16
      13
      15
       8
      10
      16
       9
       9
      15
      11
      15
      15
      12
      11
      14
       8
      13
      11
      14
      14
      20
      11
      18
      11
       8
      21
      10
       9
      12
      12
      13
       9
      16
      12
       7
      12
      16
      13
      13
      10
      13
      12
      13
      10
      10
      12
      10
      12
      12
      13
      14
      19
      13
      13
      12
      14
      12
      10
      11
      11
      12
      12
      14
      13
      16
      17
      21
      11
      18
      12
      11
      11
      17
      21
      15
      15
      11
       8
      14
      12
      10
      13
      15
       9
      11
      16
      15
      16
      10
      12
       9
      15
      22
      10
      10
      12
      15
      13
      17
       7
      10
      15
      12
      13
      17
      10
      14
       8
      12
      14
      12
      17
       7
      13
      16
      16
      11
       9
      15
      13
      13
      16
       6
       8
      10
      20
      16
      14
      14
      11
      26
       6
      15
      11
      19
      13
      11
      19
      11
      14
      18
      12
      11
      12
      14
      10
      15
      16
       7
      13
      16
      13
      11
       7
       9
      14
      15
      10
      16
      18
      17
      22
      10
      11
      13
       9
      10
      20
      16
      13
      16
      10
      17
      20
      15
      17
      23
      16
      16
      15
      16
      10
      23
      18
      13
      12
      14
      14
      21
      12
      16
      20
      15
      11
      17
      13
      18
      10
      11
      14
      16
      14
      15
      18
      14
      20
      12
      15
      12
      13
      19
       9
      17
      17
       9
      19
      15
      10
      12
      22
       9
       9
      15
      14
      15
      22
      16
      22
      12
      14
      22
      11
      14
       7
      23
      19
      22
      13
      15
      17
      16
      12
      16
      13
      17
      15
      15
      11
      17
      14
      14
      21
       9
      16
      15
      19
      13
      17
      10
      15
      21
      18
      11
      19
      18
      18
      21
      19
      14
      22
      18
      21
      12
      17
      19
      25
      26
      14
      18
      18
      12
      22
      14
      19
      15
      18
      15
      19
      17
      17
      13
      11
      14
      17
      17
      19
      13
      17
      17
      15
      15
      19
      22
      18
       9
      21
      11
      21
      17
      23
      14
      17
      18
      14
      19
      15
      10
      21
      17
      18
      20
      22
      21
      22
      20
      10
      26
      15
      17
      24
      11
      20
      16
      13
      23
      25
      12
      18
      20
      20
      19
      13
      19
      17
      19
      20
      26
      17
      13
      10
      15
      16
      23
      19
      13
      17
      24
      21
      19
      17
       9
      20
      22
      16
      29
      24
      13
      14
      20
      26
      13
      21
      15
      15
      22
      15
      14
       8
      19
      14
      14
      11
      14
      16
      14
      11
      10
      16
      10
      18
      14
      18
       5
      14
       7
       8
      13
      10
       9
      15
       4
       6
       8
      15
       7
      18
       8
      13
      13
       9
      11
       6
      10
       9
      15
       7
      13
       8
       9
      19
      11
      14
      10
      11
       6
       6
       8
      11
       5
      17
       9
       8
      12
       6
       7
       9
      10
       6
       9
      12
      11
      12
       8
      10
       8
       7
      11
      15
       9
       9
      12
       9
       7
       7
      13
      13
       9
      11
      12
      11
       5
       6
       4
       8
      10
       9
      10
      12
      12
       5
       7
       4
      12
       6
      10
       8
      13
       8
      13
       6
       8
       9
       6
       7
       8
      11
      10
       7
       2
       8
       9
      10
       5
      17
      10
      14
       8
      12
       7
       5
      15
       9
      12
      16
       8
       5
      11
       5
       9
       5
       7
       5
       6
      11
       7
      12
      11
       7
      11
      15
       9
      10
       7
       9
       7
       9
       7
       3
       8
       8
       5
       5
       7
       5
       9
      12
       5
       8
       7
       8
       1
       7
       7
       8
       9
      11
      10
       7
      12
      11
      13
      10
       3
       6
       4
       9
      10
       9
      10
       6
       8
       3
       8
       3
       4
      10
       6
       6
       9
       7
       5
      10
       5
       7
       9
       6
       9
       7
       8
       6
      12
       6
       5
      11
      11
       8
       5
       5
      11
      13
       7
      10
       6
       8
       9
       2
       9
       7
       7
       4
       8
       8
       7
       5
       9
       8
       8
      12
       5
       7
       6
       4
      10
       5
       6
       6
       7
       5
       3
       4
       9
       3
       3
       8
       5
       6
       5
       3
      10
       6
       3
       5
       8
       7
       8
       5
       6
       2
       3
       9
      10
       8
       7
       8
       8
       8
       8
      14
      17
      10
      16
      15
      11
       6
      11
       5
       8
       7
       6
       7
       6
       6
       3
       7
       6
       5
       7
       6
       4
       7
       8
      12
       6
       4
       3
       7
       1
       2
       5
       7
       6
       2
       8
       7
       5
       6
       2
       6
       5
       7
       7
       8
       5
       3
      11
       3
       4
       6
       4
       2
       4
       7
       4
       4
       5
       7
       5
       8
       8
       2
       5
       3
       3
       4
       4
       5
       3
       3
       1
       6
       3
       1
       1
       3
       4
       3
       4
       2
       4
       6
       9
       4
       2
       3
       3
       3
       2
       6
       4
       3
       6
       4
       3
       1
       7
       4
       2
       3
       2
       5
       7
       2
       2
       4
       1
       3
       6
       4
       2
       0
       4
       0
       1
       1
       1
       1
       3
       3
       1
       5
       2
       5
       3
       2
       1
       4
       7
       5
       1
       2
       3
       3
       4
       0
       4
       1
       3
       3
       5
       3
       4
       3
       5
       2
       3
       3
       1
       0
       4
       2
       0
       4
       5
       1
       4
       0
       1
       5
       3
       1
       1
       4
       0
       1
       1
       3
       3
       2
       2
       4
       3
       4
       3
       3
       3
       1
       2
       1
       0
       3
       0
       1
       2
       1
       1
       3
       1
       2
       4
       1
       0
       2
       2
       2
       2
       2
       2
       1
       3
       1
       3
       2
       1
       2
       4
       4
       1
       3
       2
       1
       4
       3
       2
       2
       4
       4
       0
       4
       0
       1
       3
       2
       2
       0
       1
       1
       0
       2
       4
       1
       3
       1
       0
       4
       1
       4
       2
       2
       1
       2
       2
       0
       3
       2
       3
       1
       1
       3
       3
       2
       2
       4
       2
       1
       3
       2
       2
       0
       0
       1
       1
       1
       1
       6
       0
       1
       4
       0
       2
       1
       4
       2
       4
       2
       2
       3
       2
       2
       1
       2
       4
       0
       1
       3
       2
       1
       1
       3
       0
       4
       2
       0
       0
       2
       0
       0
       4
       3
       4
       1
       3
       5
       2
       0
       2
       5
       4
       1
       3
       8
       1
       1
       2
       0
       0
       2
       3
       1
       2
       2
       2
       2
       1
       1
       2
       1
       2
       3
       2
       3
       4
       1
       1
       4
       0
       3
       0
       1
       6
       3
       0
       2
       1
       3
       2
       2
       4
       2
       1
       2
       4
       3
       1
       4
       2
       2
       2
       2
       0
       3
       5
       2
       3
       2
       2
       1
       3
       3
       4
       1
       4
       3
       4
       3
       0
       2
       2
       1
       6
       1
       5
       3
       2
       3
      11
      18
      24
      38
      68
     119
     130
     194
     224
     272
     302
     288
     229
     228
     168
     111
      73
      55
      25
      14
       6
       5
       1
       1
       1
       0
       1
       0
       2
       0
       0
       1
       1
       0
       0
       0
       0
       0
       1
       3
       1
       0
       1
       0
       2
       0
       1
       0
       1
       0
       1
       2
       0
       1
       1
       1
       0
       1
       1
       0
       0
       2
       2
       1
       2
       1
       0
       1
       0
       1
       0
       0
       0
       2
       2
       1
       1
       0
       1
       0
       0
       1
       2
       1
       0
       0
       1
       0
       0
       2
       1
       1
       0
       0
       3
       1
       3
       0
       2
       3
       1
       0
       1
       0
       2
       0
       1
       0
       0
       0
       2
       2
       0
       1
       0
       1
       0
       1
       0
       0
       1
       0
       0
       1
       2
       1
       1
       0
       0
       0
       3
       0
       0
       0
       0
       0
       1
       1
       0
       0
       1
       2
       0
       0
       2
       1
       0
       2
       1
       0
       2
       1
       0
       0
       0
       1
       2
       1
       0
       1
       0
       0
       1
       0
       1
       2
       0
       1
       0
       2
       1
       1
       0
       0
       0
       0
       0
       1
       0
       0
       0
       0
       0
       1
       0
       0
       2
       0
       0
       0
       1
       0
       0
       1
       1
       2
       0
       0
       1
       1
       0
       0
       1
       0
       1
       1
       1
       1
       0
       0
       0
       1
       0
       0
       1
       0
       0
       0
       0
       0
       0
       0
       0
       2
       0
       0
       0
       3
       2
       0
       0
       0
       0
       0
       0
       0
       0
       0
       0
       0
       2
       1
       0
       0
       0
       0
       0
       0
       1
       1
       0
       1
       0
       0
       0
       0
       1
       3
       0
       0
       0
       0
       0
       0
       0
       0
       0
       0
       0
       0
       0
       0
       0
       0
       0
       0
       0
       0
       0
       0
       0
       0
       0
       0
       0
       0
       0
       0
       0
       0
       0
       0
       0
       0
       0
       0
       0
       0
       0
       0
       0
       0
       0
       0
       0
       0
       0
       0
       0
       0
       0
       0
       0
       0
       0
       0
       0
       0
       0
       0
       0
       0
       0
       0
       0
       0
       0
       0
       0
       0
       0
       0
       0
       0
       0
       0
       0
       0
       0
       0
       0
       0
       0
       0
       0
       0
       0
       0
       0
       0
       0
       0
       0
       0
       0
       0
       0
       0
       0
       0
       0
       0
       0
       0
       0
       0
       0
       0
       0
       0
       0
       0
       0
       0
       0
       0
       0
       0
       0
       0
       0
       0
       0
       0
       0
       0
       0
       0
       0
       0
       0
       0
       0
       0
       0