#1/T			log R
			
0.0055973			2.297
0.0055666			2.260
0.0054857			2.168
0.0054086			2.086
0.0053344			2.008
0.0052615			1.934
0.0051913			1.861
0.0051222			1.791
0.0050550			1.723
0.0049888			1.657
0.0049263			1.593
0.0048634			1.529
0.0048027			1.466
0.0047436			1.405
0.0046853			1.345
0.0046295			1.285
0.0045745			1.226
0.0045208			1.168
0.0044678			1.109
0.0044170			1.050
0.0043664			0.956
0.0043179			0.895
0.0042701			0.840
0.0042228			0.787
0.0041774			0.736
0.0041326			0.686
0.0040887			0.637
0.0040457			0.589
0.0040032			0.541
0.0039628			0.496
0.0039217			0.449
0.0038825			0.404
0.0038437			0.360
0.0038057			0.316
0.0037689			0.225
0.0037320			0.185
0.0036965			0.145
0.0036613			0.106
0.0036265			0.067
0.0035927			0.027
0.0035595			-0.014
0.0035265			-0.052
0.0034951			-0.088
0.0034631			-0.124
0.0034325			-0.161
0.0034022			-0.197
0.0033721			-0.232
0.0033428			-0.268
0.0033140			-0.302
0.0032860			-0.336
0.0032582			-0.365
0.0032309			-0.396
0.0032040			-0.428
0.0031775			-0.459
0.0031515			-0.491
0.0031259			-0.522
0.0031008			-0.553
0.0030787			-0.583
0.0030516			-0.612
0.0030276			-0.641
0.0030040			-0.670
0.0029807			-0.699
0.0029562			-0.729
0.0029353			-0.754
0.0029131			-0.781
0.0028912			-0.808
0.0028696			-0.834
0.0028486			-0.859
0.0028275			-0.887
0.0028069			-0.912
